PAC(128-71)
L = 8
T = 0  Error Count = 30000
Rate-profile = rm-polar
design SNR = 3
Convolution poly = , [1 0 1 1 0 1 1]
CRC index = [15, 31, 47, 63, 79, 95, 111, 127] , CRC = 0 bits
Frozen-check = , [84, 88, 97, 98, 100, 104, 112] , Frozen-check = 7 bits
Mismatch = [84, 88, 97, 98, 100, 104, 112] , Mismatch-length = 0 , Mismatch-first = False
Enabling-Criterion =, FrozenCheck
Running : AccuracyforFlipEveryPath , 
Decoding starting Time : 2025-09-09 15-16-47
Running Time : 330 min


SNR = [1.0, 1.5, 2.0]
FER = [0.31912223037729626, 0.16448457734355296, 0.06747757007874369]
average_decoding_attempt = [1.0, 1.0, 1.0]
everyBit (snr=1.0)
	path-0 , [0.38973333 0.58043333 0.6757     0.72353333 0.74713333 0.74713333
 0.79236667 0.8139     0.82586667 0.83083333 0.83083333 0.8389
 0.8423     0.84416667 0.84416667 0.84546667 0.84636667 0.84636667
 0.84686667 0.84686667]
	path-1 , [0.39086667 0.58276667 0.68       0.7272     0.7508     0.75086667
 0.79676667 0.81713333 0.8282     0.8329     0.8329     0.84066667
 0.84433333 0.84643333 0.84643333 0.84793333 0.84853333 0.84853333
 0.84903333 0.84903333]
	path-2 , [0.38873333 0.5798     0.6763     0.7251     0.7499     0.7499
 0.7962     0.8176     0.82843333 0.8332     0.8332     0.84176667
 0.84516667 0.8472     0.8472     0.84843333 0.84916667 0.84916667
 0.84963333 0.84963333]
	path-3 , [0.39033333 0.58323333 0.6806     0.7282     0.75293333 0.75293333
 0.7969     0.81723333 0.82946667 0.83416667 0.83416667 0.84283333
 0.84586667 0.84756667 0.84756667 0.8495     0.8504     0.8504
 0.8511     0.8511    ]
	path-4 , [0.3896     0.5822     0.67683333 0.7251     0.75033333 0.75033333
 0.79463333 0.81526667 0.82763333 0.83216667 0.83216667 0.84126667
 0.84493333 0.84713333 0.84713333 0.84893333 0.84996667 0.84996667
 0.85053333 0.85053333]
	path-5 , [0.3936     0.58403333 0.68006667 0.72673333 0.75126667 0.7513
 0.79633333 0.8172     0.8292     0.8342     0.8342     0.84226667
 0.846      0.84796667 0.84796667 0.84956667 0.85043333 0.85043333
 0.8508     0.8508    ]
	path-6 , [0.39043333 0.58176667 0.67903333 0.7266     0.75036667 0.75036667
 0.7964     0.8181     0.82986667 0.83513333 0.83513333 0.8441
 0.8479     0.84963333 0.84963333 0.85126667 0.8521     0.8521
 0.85266667 0.85266667]
	path-7 , [0.39633333 0.58563333 0.68326667 0.7311     0.7552     0.75523333
 0.7988     0.81956667 0.83143333 0.83656667 0.83656667 0.84446667
 0.84826667 0.8502     0.8502     0.8514     0.85236667 0.85236667
 0.85286667 0.85286667]
path_index = 0
	ranking_index = [15, 23, 27, 29, 39, 30, 43, 84, 71, 97, 45, 88, 51, 75, 98, 46, 77, 83, 53, 100]
	ranking_prob = [0.4163669384993412, 0.20373206082404471, 0.10177700224350984, 0.05110216872618496, 0.048324489868594424, 0.025212777322744916, 0.023004878743634487, 0.018945194259463696, 0.017307075958833375, 0.01481428724048289, 0.012784444998397492, 0.009579430931946869, 0.00861792671201168, 0.008226202770556605, 0.0075139774224564655, 0.005306078843346035, 0.0052704675759410275, 0.004843132367080945, 0.0036323492753107083, 0.0029913464620205834]
path_index = 1
	ranking_index = [15, 23, 27, 29, 39, 30, 43, 84, 71, 97, 45, 88, 51, 75, 98, 77, 83, 46, 53, 100]
	ranking_prob = [0.41757772159111145, 0.20501406645062498, 0.10387806702040525, 0.05042555464548983, 0.04903671521669456, 0.025212777322744916, 0.021758484384459244, 0.019835475944588867, 0.01748513229585841, 0.01210783091770236, 0.011822940778462306, 0.009864321071186923, 0.008297425305366618, 0.008083757700936577, 0.006125137993661194, 0.005412912645561056, 0.0051992450411310134, 0.0050211887041059795, 0.003917239414550764, 0.0031337915316406112]
path_index = 2
	ranking_index = [15, 23, 27, 29, 39, 30, 43, 84, 71, 45, 97, 51, 88, 75, 98, 77, 46, 83, 53, 100]
	ranking_prob = [0.41529860047719097, 0.2041237847654998, 0.1030946191374951, 0.052134895480930164, 0.04946405042555464, 0.026494782949325165, 0.022862433674014457, 0.020690146362309033, 0.018517859050603613, 0.011573661906627257, 0.011395605569602223, 0.009152095723086784, 0.00897403938606175, 0.008226202770556605, 0.0062675830632812225, 0.005555357715181083, 0.005092411238915993, 0.004522630960435882, 0.0036323492753107083, 0.00302695772942559]
path_index = 3
	ranking_index = [15, 23, 27, 29, 39, 30, 43, 84, 71, 45, 97, 88, 51, 75, 98, 83, 77, 46, 53, 100]
	ranking_prob = [0.4170079413126313, 0.20608240447277518, 0.10402051209002529, 0.050852889854349916, 0.04697126170720416, 0.026423560414515154, 0.021722873117054235, 0.018945194259463696, 0.018802749189843666, 0.013069335137637549, 0.01071899148890709, 0.009472597129731848, 0.009258929525301806, 0.008475481642391652, 0.005733414052206118, 0.005306078843346035, 0.005234856308536021, 0.0050211887041059795, 0.003240625333855632, 0.002457177450945479]
path_index = 4
	ranking_index = [15, 23, 27, 29, 39, 30, 43, 84, 71, 45, 97, 51, 88, 75, 98, 77, 83, 46, 53, 100]
	ranking_prob = [0.4162244934297212, 0.20576190306613013, 0.10110038816281472, 0.05156511520245006, 0.04732737438125423, 0.026957729425590257, 0.022043374523699297, 0.019977921014208897, 0.01841102524838859, 0.013211780207257577, 0.009757487268971902, 0.009721876001566895, 0.009258929525301806, 0.008546704177201667, 0.006160749261066202, 0.0055197464477760765, 0.005163633773726007, 0.004843132367080945, 0.003917239414550764, 0.002457177450945479]
path_index = 5
	ranking_index = [15, 23, 27, 29, 39, 30, 43, 84, 71, 45, 97, 88, 75, 51, 77, 98, 46, 83, 53, 100]
	ranking_prob = [0.420497845518322, 0.20344717068480467, 0.102596061393825, 0.04985577436700972, 0.04811082226416438, 0.026209892810085112, 0.022292653395534347, 0.02026281115344895, 0.01841102524838859, 0.0128200562658025, 0.009294540792706812, 0.009223318257896799, 0.00908087318827677, 0.00861792671201168, 0.006303194330686229, 0.005448523912966062, 0.005341690110751042, 0.004700687297460916, 0.003988461949360778, 0.002172287311705424]
path_index = 6
	ranking_index = [15, 23, 27, 29, 39, 30, 43, 84, 71, 45, 97, 75, 51, 88, 46, 77, 83, 53, 98, 100]
	ranking_prob = [0.41711477511484635, 0.20440867490473985, 0.10391367828781026, 0.05081727858694491, 0.04917916028631459, 0.025390833659769952, 0.02318293508065952, 0.019265695666108758, 0.017627577365478438, 0.01257077739396745, 0.00989993233859193, 0.00968626473416189, 0.009579430931946869, 0.008582315444606673, 0.005626580249991097, 0.005484135180371069, 0.004843132367080945, 0.004059684484170792, 0.004059684484170792, 0.0028489013924005557]
path_index = 7
	ranking_index = [15, 23, 27, 29, 39, 30, 43, 84, 71, 45, 97, 75, 88, 51, 83, 46, 77, 98, 53, 54]
	ranking_prob = [0.42341796944553256, 0.20223638759303444, 0.10430540222926533, 0.05110216872618496, 0.046543926498344074, 0.02574694633382002, 0.022185819593319327, 0.019514974537943805, 0.017805633702503473, 0.012677611196182471, 0.009508208397136854, 0.009152095723086784, 0.008938428118656742, 0.008439870374986646, 0.005697802784801111, 0.005484135180371069, 0.005163633773726007, 0.004202129553790819, 0.004059684484170792, 0.0020654535094904026]
everyBit (snr=1.5)
	path-0 , [0.3958     0.5983     0.69163333 0.73936667 0.76193333 0.76193333
 0.80493333 0.824      0.83546667 0.8395     0.83953333 0.84596667
 0.84886667 0.8503     0.8503     0.85146667 0.85206667 0.85206667
 0.8525     0.8525    ]
	path-1 , [0.39036667 0.59216667 0.6873     0.73716667 0.76006667 0.7601
 0.8034     0.82363333 0.83423333 0.83876667 0.83876667 0.84563333
 0.84846667 0.85003333 0.85003333 0.85146667 0.8522     0.8522
 0.85253333 0.85253333]
	path-2 , [0.39586667 0.59606667 0.69153333 0.73993333 0.76246667 0.76246667
 0.80473333 0.8248     0.83576667 0.8406     0.8406     0.84766667
 0.85076667 0.85233333 0.85233333 0.8537     0.85463333 0.85463333
 0.85496667 0.85496667]
	path-3 , [0.39386667 0.596      0.69163333 0.74086667 0.76406667 0.76406667
 0.80716667 0.82693333 0.8373     0.84163333 0.84163333 0.84866667
 0.85176667 0.85343333 0.85343333 0.85463333 0.85523333 0.85523333
 0.85573333 0.85573333]
	path-4 , [0.39683333 0.5976     0.6918     0.74113333 0.7642     0.7642
 0.80736667 0.82723333 0.83823333 0.84296667 0.84296667 0.84983333
 0.85266667 0.8545     0.8545     0.8556     0.85626667 0.85626667
 0.85673333 0.85673333]
	path-5 , [0.39416667 0.59656667 0.69023333 0.73963333 0.76223333 0.76223333
 0.80603333 0.82593333 0.83686667 0.84136667 0.84136667 0.84856667
 0.85116667 0.85303333 0.85303333 0.85436667 0.8552     0.8552
 0.85573333 0.85573333]
	path-6 , [0.3951     0.59536667 0.69066667 0.7408     0.76273333 0.76273333
 0.8056     0.82633333 0.8369     0.84173333 0.84173333 0.84873333
 0.85176667 0.85366667 0.85366667 0.85486667 0.85563333 0.85563333
 0.85626667 0.85626667]
	path-7 , [0.3932     0.5934     0.6897     0.73826667 0.7613     0.7613
 0.80493333 0.8258     0.83693333 0.84113333 0.84113333 0.84843333
 0.8514     0.85316667 0.85316667 0.85473333 0.85553333 0.85553333
 0.85583333 0.85583333]
path_index = 0
	ranking_index = [15, 23, 27, 29, 39, 30, 43, 84, 71, 97, 45, 88, 98, 51, 75, 46, 77, 83, 100, 53]
	ranking_prob = [0.4238292404340377, 0.21684037692747002, 0.09994288977727013, 0.05111364934323244, 0.0460451170759566, 0.02416476299257567, 0.02041690462592804, 0.018846373500856654, 0.014777270131353512, 0.014348943460879497, 0.012278697886921758, 0.009458880639634494, 0.006996002284408909, 0.006888920616790406, 0.006746145059965734, 0.004318960593946317, 0.004033409480296973, 0.0037835522558537977, 0.0031410622501427754, 0.0031053683609366077]
path_index = 1
	ranking_index = [15, 23, 27, 29, 39, 30, 43, 84, 71, 97, 45, 88, 51, 75, 98, 77, 46, 83, 100, 53]
	ranking_prob = [0.4180111364934323, 0.21609080525414048, 0.1018703597944032, 0.05339805825242718, 0.046366362078812104, 0.02452170188463735, 0.021666190748143917, 0.019488863506567675, 0.014741576242147345, 0.01210022844089092, 0.011350656767561394, 0.009173329525985152, 0.007352941176470588, 0.00731724728726442, 0.005675328383780697, 0.005139920045688178, 0.0048543689320388345, 0.003926327812678469, 0.003248143917761279, 0.003033980582524272]
path_index = 2
	ranking_index = [15, 23, 27, 29, 39, 30, 43, 84, 71, 45, 97, 88, 51, 75, 98, 46, 77, 83, 53, 100]
	ranking_prob = [0.42390062821245, 0.21437749857224442, 0.10222729868646488, 0.0518275271273558, 0.0452598515134209, 0.024129069103369503, 0.02148772130211308, 0.019988577955454025, 0.015455454026270703, 0.011743289548829241, 0.009994288977727013, 0.008994860079954313, 0.007567104511707595, 0.006853226727584237, 0.005746716162193032, 0.005175613934894346, 0.0048543689320388345, 0.004568817818389492, 0.003319531696173615, 0.0028912050256996004]
path_index = 3
	ranking_index = [15, 23, 27, 29, 39, 30, 43, 84, 71, 45, 97, 88, 51, 75, 98, 46, 77, 83, 53, 100]
	ranking_prob = [0.42175899486007995, 0.21644774414620216, 0.10240576813249572, 0.052719874357509994, 0.0461521987435751, 0.02484294688749286, 0.021166476299257567, 0.018132495716733296, 0.015598229583095374, 0.011100799543118219, 0.010529697315819531, 0.008816390633923473, 0.007531410622501428, 0.007210165619645916, 0.005853797829811536, 0.004640205596801827, 0.004497430039977156, 0.004318960593946317, 0.003319531696173615, 0.002962592804111936]
path_index = 4
	ranking_index = [15, 23, 27, 29, 39, 30, 43, 84, 71, 45, 97, 88, 75, 51, 46, 98, 83, 77, 53, 100]
	ranking_prob = [0.4249357509994289, 0.21498429468874927, 0.1008709308966305, 0.0528269560251285, 0.046223586521987436, 0.02470017133066819, 0.02127355796687607, 0.018810679611650484, 0.014456025128498001, 0.011778983438035408, 0.010458309537407196, 0.008887778412335809, 0.0076741861793260995, 0.007352941176470588, 0.005068532267275843, 0.004961450599657339, 0.004390348372358652, 0.00424757281553398, 0.003033980582524272, 0.0019988577955454027]
path_index = 5
	ranking_index = [15, 23, 27, 29, 39, 30, 43, 84, 71, 45, 97, 88, 51, 75, 98, 77, 46, 83, 53, 54]
	ranking_prob = [0.42208023986293547, 0.21673329525985152, 0.1002998286693318, 0.05289834380354083, 0.046901770416904624, 0.02420045688178184, 0.021309251856082238, 0.020202741290691033, 0.014920045688178184, 0.011707595659623073, 0.010529697315819531, 0.00849514563106796, 0.007709880068532267, 0.007460022844089092, 0.00528269560251285, 0.004961450599657339, 0.004818675042832667, 0.0037835522558537977, 0.0027841233580810964, 0.0019988577955454027]
path_index = 6
	ranking_index = [15, 23, 27, 29, 39, 30, 43, 84, 71, 45, 97, 88, 75, 51, 98, 46, 83, 77, 53, 54]
	ranking_prob = [0.4230796687607082, 0.21444888635065676, 0.10204882924043404, 0.05368360936607653, 0.045902341519131924, 0.023486579097658482, 0.022201599086236437, 0.018418046830382638, 0.016454882924043405, 0.011314962878355225, 0.010601085094231867, 0.008887778412335809, 0.007924043403769275, 0.00749571673329526, 0.005425471159337522, 0.005175613934894346, 0.00442604226156482, 0.003997715591090805, 0.003248143917761279, 0.0020345516847515704]
path_index = 7
	ranking_index = [15, 23, 27, 29, 39, 30, 43, 84, 71, 45, 97, 88, 51, 75, 98, 83, 77, 46, 53, 100]
	ranking_prob = [0.4210451170759566, 0.21437749857224442, 0.10311964591661907, 0.052005996573386636, 0.046723300970873786, 0.02466447744146202, 0.022344374643061108, 0.019024842946887492, 0.01631210736721873, 0.01192175899486008, 0.009387492861222159, 0.009244717304397488, 0.007816961736150771, 0.006746145059965734, 0.005425471159337522, 0.005247001713306682, 0.005139920045688178, 0.004497430039977156, 0.0031767561393489436, 0.002284408909194746]
everyBit (snr=2.0)
	path-0 , [0.40053333 0.60193333 0.69963333 0.74823333 0.77       0.77
 0.81276667 0.8298     0.83983333 0.8439     0.8439     0.84983333
 0.8524     0.85386667 0.85386667 0.85476667 0.85516667 0.85516667
 0.85536667 0.85536667]
	path-1 , [0.40153333 0.60136667 0.69993333 0.74883333 0.771      0.771
 0.8144     0.8311     0.841      0.84476667 0.84476667 0.8512
 0.85403333 0.85513333 0.85513333 0.85623333 0.85666667 0.85666667
 0.85686667 0.85686667]
	path-2 , [0.4029     0.60283333 0.7        0.74933333 0.77173333 0.77173333
 0.81416667 0.8311     0.84116667 0.845      0.845      0.85096667
 0.85363333 0.855      0.855      0.85626667 0.8566     0.8566
 0.8568     0.8568    ]
	path-3 , [0.40326667 0.60306667 0.6995     0.7483     0.77123333 0.77123333
 0.81556667 0.8326     0.8425     0.84613333 0.84613333 0.852
 0.8548     0.8562     0.8562     0.85713333 0.85746667 0.85746667
 0.85766667 0.85766667]
	path-4 , [0.40196667 0.60223333 0.6995     0.7479     0.7711     0.7711
 0.8152     0.83293333 0.8421     0.84573333 0.84573333 0.8516
 0.8545     0.85573333 0.85573333 0.8567     0.8572     0.8572
 0.85746667 0.85746667]
	path-5 , [0.4011     0.60223333 0.69976667 0.7487     0.7701     0.7701
 0.81416667 0.83196667 0.84173333 0.84566667 0.84566667 0.85123333
 0.85396667 0.8554     0.8554     0.85643333 0.85696667 0.85696667
 0.8572     0.8572    ]
	path-6 , [0.4        0.59893333 0.6982     0.7465     0.77056667 0.77056667
 0.8138     0.83166667 0.84183333 0.84513333 0.84513333 0.851
 0.85363333 0.85486667 0.85486667 0.85586667 0.85616667 0.85616667
 0.85626667 0.85626667]
	path-7 , [0.40246667 0.60216667 0.69983333 0.74823333 0.7709     0.7709
 0.81496667 0.83273333 0.84253333 0.84633333 0.84633333 0.85223333
 0.8554     0.85693333 0.85693333 0.85776667 0.85813333 0.85813333
 0.85833333 0.85833333]
path_index = 0
	ranking_index = [15, 23, 27, 29, 39, 30, 84, 43, 97, 71, 45, 88, 98, 51, 75, 46, 77, 100, 83, 53]
	ranking_prob = [0.4296492294489935, 0.21604033324990166, 0.10480208817534951, 0.052132870883541314, 0.04587549612042765, 0.023348946973218435, 0.0183430471627275, 0.018271534308291915, 0.014231058032681375, 0.011120248864733435, 0.010762684592555511, 0.008545786105052383, 0.007830657560696536, 0.006364644044767047, 0.006150105481460292, 0.0043622841205706725, 0.003968963421174956, 0.0038259377123037864, 0.002896270604641184, 0.0027532448957700148]
path_index = 1
	ranking_index = [15, 23, 27, 29, 39, 30, 84, 43, 97, 71, 45, 88, 51, 75, 98, 77, 46, 100, 53, 83]
	ranking_prob = [0.43072192226552725, 0.21435978117066543, 0.10573175528301212, 0.05245467872850145, 0.0465548682375657, 0.023778024099831943, 0.019344227124825687, 0.01791397003611399, 0.013301390925018771, 0.011012979583080059, 0.010619658883684342, 0.008581542532270175, 0.0069009904530339325, 0.006507669753638217, 0.0056495155004111985, 0.004398040547788465, 0.004040476275610541, 0.0034326170129080702, 0.003039296313512354, 0.002967783459076769]
path_index = 2
	ranking_index = [15, 23, 27, 29, 39, 30, 84, 43, 71, 97, 45, 88, 51, 98, 75, 77, 46, 83, 100, 53]
	ranking_prob = [0.4321879357814567, 0.2144670504523188, 0.10422998533986484, 0.05291951228233275, 0.045517931848249725, 0.024028319090356492, 0.020524189223012836, 0.018164265026638537, 0.012622018807880716, 0.010941466728644473, 0.010798441019773303, 0.008474273250616799, 0.006400400471984839, 0.006293131190331462, 0.0061143490542425, 0.004290771266135088, 0.004111989130046126, 0.003146565595165731, 0.0029320270318589766, 0.0028605141774233917]
path_index = 3
	ranking_index = [15, 23, 27, 29, 39, 30, 84, 43, 71, 97, 45, 88, 75, 51, 98, 77, 46, 83, 53, 100]
	ranking_prob = [0.43258125648085244, 0.21432402474344764, 0.1034433439410734, 0.05234740944684807, 0.047556048199663886, 0.02460042192584117, 0.019272714270390102, 0.018271534308291915, 0.012407480244573962, 0.011871133836307076, 0.010619658883684342, 0.008438516823399005, 0.006471913326420424, 0.006293131190331462, 0.005721028354846783, 0.004147745557263919, 0.0038974505667393714, 0.003218078449601316, 0.0030035398862945616, 0.0030035398862945616]
path_index = 4
	ranking_index = [15, 23, 27, 29, 39, 30, 84, 43, 71, 97, 45, 88, 75, 51, 98, 77, 46, 83, 53, 100]
	ranking_prob = [0.4311867558193585, 0.21482461472449674, 0.10433725462151822, 0.051918332320234566, 0.047305753209139344, 0.024886473343583508, 0.01952300926091465, 0.019022419279865557, 0.01237172381735617, 0.012049915972396038, 0.00983301748489291, 0.008223978260092251, 0.0067937211713805555, 0.006293131190331462, 0.004970143383273143, 0.003933206993957164, 0.0038974505667393714, 0.0035756427217792396, 0.0031108091679479385, 0.0030035398862945616]
path_index = 5
	ranking_index = [15, 23, 27, 29, 39, 30, 84, 43, 71, 45, 97, 88, 75, 51, 98, 77, 46, 83, 53, 100]
	ranking_prob = [0.43025708871169593, 0.21575428183215933, 0.10462330603926055, 0.05249043515571924, 0.04726999678192155, 0.02295562627382272, 0.02027389423248829, 0.01909393213430114, 0.013515929488325527, 0.010476633174813173, 0.010226338184288626, 0.00818822183287446, 0.006078592627024708, 0.00597132334537133, 0.004934386956055351, 0.0042550148389172955, 0.004219258411699503, 0.0037186684306504095, 0.0029320270318589766, 0.0027890013229878072]
path_index = 6
	ranking_index = [15, 23, 27, 29, 39, 30, 84, 43, 71, 45, 97, 88, 75, 51, 98, 77, 83, 46, 53, 100]
	ranking_prob = [0.4290771266135088, 0.21339435763578504, 0.10648264025458576, 0.051811063038581184, 0.04637608610147674, 0.02581614045124611, 0.01966603496978582, 0.019165444988736725, 0.013051095934494225, 0.010905710301426681, 0.010512389602030965, 0.008688811813923553, 0.007079772589122895, 0.006293131190331462, 0.0056495155004111985, 0.004648335538313012, 0.003861694139521579, 0.0035398862945614476, 0.0028247577502055993, 0.0022884113419387136]
path_index = 7
	ranking_index = [15, 23, 27, 29, 39, 30, 43, 84, 71, 45, 97, 88, 75, 51, 98, 77, 46, 83, 53, 100]
	ranking_prob = [0.4317231022276254, 0.21421675546179425, 0.10476633174813173, 0.051918332320234566, 0.04726999678192155, 0.024314370508098832, 0.019058175707083347, 0.01877212428934101, 0.013051095934494225, 0.010512389602030965, 0.00968999177602174, 0.008581542532270175, 0.006722208316944971, 0.006328887617549255, 0.005470733364322237, 0.004970143383273143, 0.004076232702828334, 0.003682912003432617, 0.0033968605856902778, 0.002502949905245468]