PAC(128-71)
L = 8
T = 0  Error Count = 10000
Rate-profile = rm-polar
design SNR = 3
Convolution poly = , [1 0 1 1 0 1 1]
CRC index = [15, 31, 47, 63, 79, 95, 111, 127] , CRC = 0 bits
Frozen-check = , [84, 88, 97, 98, 100, 104, 112] , Frozen-check = 7 bits
Mismatch = [84, 88, 97, 98, 100, 104, 112] , Mismatch-length = 0 , Mismatch-first = False
Enabling-Criterion =, FrozenCheck
Running : AccuracyforFlipEveryPath , 
Decoding starting Time : 2025-09-09 15-19-53
Running Time : 783 min


SNR = [2.5, 3.0]
FER = [0.021439657685777495, 0.004957525688568643]
average_decoding_attempt = [1.0, 1.0]
everyBit (snr=2.5)
	path-0 , [0.4102 0.6237 0.718  0.7656 0.7897 0.7897 0.8281 0.846  0.8554 0.859
 0.859  0.8638 0.8654 0.8662 0.8662 0.8669 0.867  0.867  0.8674 0.8674]
	path-1 , [0.4092 0.626  0.7257 0.7709 0.7934 0.7934 0.83   0.8481 0.8574 0.8606
 0.8606 0.8645 0.8659 0.867  0.867  0.8678 0.868  0.868  0.8685 0.8685]
	path-2 , [0.4106 0.6262 0.7232 0.7662 0.7907 0.7907 0.831  0.8483 0.8568 0.8596
 0.8596 0.8634 0.8656 0.8666 0.8666 0.8674 0.8678 0.8678 0.8681 0.8681]
	path-3 , [0.4092 0.6236 0.7199 0.7663 0.7908 0.7908 0.8275 0.8458 0.8568 0.86
 0.86   0.8644 0.8664 0.8672 0.8672 0.8682 0.8684 0.8684 0.8687 0.8687]
	path-4 , [0.4154 0.6278 0.7244 0.7678 0.7918 0.7918 0.8312 0.8494 0.8577 0.8612
 0.8612 0.8651 0.8671 0.868  0.868  0.8688 0.8689 0.8689 0.8693 0.8693]
	path-5 , [0.4041 0.6209 0.7169 0.7663 0.7892 0.7892 0.8294 0.8475 0.856  0.8582
 0.8582 0.8625 0.8645 0.8655 0.8655 0.8667 0.867  0.867  0.8674 0.8674]
	path-6 , [0.4099 0.6213 0.7174 0.7653 0.7896 0.7896 0.8306 0.8476 0.8579 0.861
 0.861  0.8655 0.8674 0.8683 0.8683 0.8693 0.8697 0.8697 0.87   0.87  ]
	path-7 , [0.4114 0.6269 0.7232 0.768  0.7918 0.7918 0.8316 0.8493 0.8586 0.8615
 0.8615 0.8652 0.8671 0.868  0.868  0.8689 0.8692 0.8692 0.8698 0.8698]
path_index = 0
	ranking_index = [15, 23, 27, 29, 39, 30, 43, 84, 97, 45, 71, 88, 98, 51, 75, 46, 100, 77, 83, 104]
	ranking_prob = [0.440648834461274, 0.2293479428510044, 0.10129981738102911, 0.051133311848748524, 0.0412504028359652, 0.02588892469653024, 0.01922870340530669, 0.014072403050811044, 0.013427865506499086, 0.010097754860887313, 0.009453217316575358, 0.008271565152003437, 0.005800837898807605, 0.00515630035449565, 0.004296916962079708, 0.003867225265871737, 0.0037598023418197444, 0.002470727253195832, 0.002148458481039854, 0.0020410355569878613]
path_index = 1
	ranking_index = [15, 23, 27, 29, 39, 30, 43, 84, 97, 45, 71, 88, 98, 51, 75, 46, 100, 83, 77, 53]
	ranking_prob = [0.4395746052207541, 0.23289289934472016, 0.10710065527983671, 0.048555161671500695, 0.03931679020302933, 0.024170157911698357, 0.01944354925341068, 0.016865399076162853, 0.010634869481147276, 0.009990331936835321, 0.00956064024062735, 0.00913094854441938, 0.005371146202599634, 0.004189494038027715, 0.004082071113975723, 0.0034375335696637662, 0.002685573101299817, 0.002578150177247825, 0.0023633043291438395, 0.0015039209367278977]
path_index = 2
	ranking_index = [15, 23, 27, 29, 39, 30, 43, 84, 97, 71, 45, 88, 98, 51, 75, 46, 77, 53, 83, 100]
	ranking_prob = [0.441078526157482, 0.23160382425609624, 0.10420023633043292, 0.04619185734235686, 0.043291438392953054, 0.02631861639273821, 0.018584165860994737, 0.017080244924266838, 0.010420023633043292, 0.009882909012783329, 0.00913094854441938, 0.00837898807605543, 0.005263723278547642, 0.004082071113975723, 0.004082071113975723, 0.0030078418734557954, 0.00279299602535181, 0.0023633043291438395, 0.0022558814050918467, 0.0022558814050918467]
path_index = 3
	ranking_index = [15, 23, 27, 29, 39, 30, 43, 84, 45, 97, 71, 88, 98, 75, 51, 46, 77, 53, 83, 100]
	ranking_prob = [0.4395746052207541, 0.23031474916747233, 0.10344827586206896, 0.04984423676012461, 0.03942421312708132, 0.02631861639273821, 0.019658395101514663, 0.01600601568374691, 0.011816521645719197, 0.011816521645719197, 0.009990331936835321, 0.007089912987431518, 0.0054785691266516275, 0.005048877430443657, 0.004726608658287679, 0.0034375335696637662, 0.002470727253195832, 0.002148458481039854, 0.002148458481039854, 0.002148458481039854]
path_index = 4
	ranking_index = [15, 23, 27, 29, 39, 30, 43, 84, 71, 97, 88, 45, 98, 51, 46, 75, 100, 77, 83, 53]
	ranking_prob = [0.44623482651197766, 0.2281662906864325, 0.10377054463422494, 0.04662154903856483, 0.042324632076485125, 0.025781501772478246, 0.01955097217746267, 0.01557632398753894, 0.010957138253303255, 0.009775486088731335, 0.009023525620367387, 0.008916102696315393, 0.004726608658287679, 0.004189494038027715, 0.0037598023418197444, 0.003115264797507788, 0.0029004189494038026, 0.002685573101299817, 0.002685573101299817, 0.002148458481039854]
path_index = 5
	ranking_index = [15, 23, 27, 29, 39, 30, 43, 84, 71, 97, 45, 88, 98, 51, 75, 77, 83, 46, 53, 100]
	ranking_prob = [0.43409603609410247, 0.23289289934472016, 0.10312600708991299, 0.05306692448168439, 0.04318401546890106, 0.024599849607906326, 0.01944354925341068, 0.017080244924266838, 0.0103126007089913, 0.009668063164679342, 0.00913094854441938, 0.008486411000107424, 0.005048877430443657, 0.004619185734235686, 0.0044043398861317, 0.003115264797507788, 0.0030078418734557954, 0.0023633043291438395, 0.002148458481039854, 0.002148458481039854]
path_index = 6
	ranking_index = [15, 23, 27, 29, 39, 30, 43, 84, 45, 97, 71, 88, 51, 75, 98, 46, 83, 77, 53, 100]
	ranking_prob = [0.44032656568911804, 0.22709206144591257, 0.10323343001396498, 0.0514555806209045, 0.04404339886131701, 0.026103770544634225, 0.01826189708883876, 0.015683746911590933, 0.011064561177355247, 0.010634869481147276, 0.009990331936835321, 0.007734450531743474, 0.004834031582339671, 0.004834031582339671, 0.003867225265871737, 0.0033301106456117735, 0.0029004189494038026, 0.00279299602535181, 0.0020410355569878613, 0.0018261897088838758]
path_index = 7
	ranking_index = [15, 23, 27, 29, 39, 30, 43, 84, 71, 97, 45, 88, 75, 98, 51, 46, 77, 53, 83, 100]
	ranking_prob = [0.4419379095498979, 0.23149640133204427, 0.10344827586206896, 0.048125469975292726, 0.042754323772693094, 0.025566655924374262, 0.019013857557202706, 0.015254055215382962, 0.012031367493823181, 0.010527446557095284, 0.009990331936835321, 0.008271565152003437, 0.004941454506391664, 0.0045117628101836935, 0.003974648189923729, 0.003115264797507788, 0.002578150177247825, 0.0020410355569878613, 0.0020410355569878613, 0.0016113438607798904]
everyBit (snr=3.0)
	path-0 , [0.4222 0.641  0.7423 0.7941 0.82   0.82   0.8554 0.8688 0.8765 0.8791
 0.8791 0.8824 0.8827 0.8837 0.8837 0.884  0.884  0.884  0.884  0.884 ]
	path-1 , [0.4203 0.6412 0.7423 0.7936 0.8197 0.8197 0.8533 0.8667 0.8759 0.8783
 0.8783 0.8816 0.8824 0.8832 0.8832 0.8835 0.8837 0.8837 0.8837 0.8837]
	path-2 , [0.4162 0.6337 0.7384 0.7927 0.8196 0.8196 0.8543 0.8668 0.8763 0.8786
 0.8786 0.8818 0.8822 0.8824 0.8824 0.8827 0.8828 0.8828 0.8829 0.8829]
	path-3 , [0.4126 0.6373 0.7402 0.7927 0.8222 0.8222 0.8551 0.8684 0.876  0.878
 0.878  0.8816 0.8824 0.8832 0.8832 0.8835 0.8838 0.8838 0.8838 0.8838]
	path-4 , [0.4168 0.6369 0.7415 0.7942 0.8207 0.8207 0.8536 0.8664 0.8763 0.8783
 0.8783 0.8814 0.8825 0.8831 0.8831 0.8834 0.8837 0.8837 0.8838 0.8838]
	path-5 , [0.4169 0.6361 0.7384 0.7904 0.8172 0.8172 0.8526 0.8667 0.8759 0.8781
 0.8781 0.8814 0.8825 0.8834 0.8834 0.8835 0.8838 0.8838 0.8838 0.8838]
	path-6 , [0.4215 0.6446 0.7453 0.7962 0.8224 0.8224 0.855  0.8673 0.8762 0.8786
 0.8786 0.8815 0.8826 0.8834 0.8834 0.8837 0.8838 0.8838 0.8838 0.8838]
	path-7 , [0.417  0.6392 0.742  0.7912 0.8194 0.8194 0.8532 0.8658 0.8748 0.8779
 0.8779 0.8818 0.8826 0.8835 0.8835 0.8838 0.8841 0.8841 0.8842 0.8842]
path_index = 0
	ranking_index = [15, 23, 27, 29, 39, 30, 43, 84, 97, 45, 71, 88, 98, 51, 46, 75, 100, 104, 83, 54]
	ranking_prob = [0.4537345513164965, 0.2351423965609887, 0.10886620096722192, 0.05566899516389038, 0.03804406233207953, 0.02783449758194519, 0.014400859752821064, 0.013326168726491134, 0.011714132186996238, 0.008275120902740463, 0.005265986029016657, 0.005265986029016657, 0.004083825900053735, 0.0035464803868887696, 0.0027941966684578183, 0.0023643202579258465, 0.0022568511552928535, 0.0021493820526598604, 0.0013970983342289091, 0.0010746910263299302]
path_index = 1
	ranking_index = [15, 23, 27, 29, 39, 30, 43, 84, 45, 97, 98, 71, 88, 51, 100, 46, 75, 77, 53, 54]
	ranking_prob = [0.45169263836646967, 0.23739924771628157, 0.10865126276195594, 0.055131649650725416, 0.036109618484685656, 0.028049435787211176, 0.014400859752821064, 0.013433637829124127, 0.009887157442235357, 0.009457281031703386, 0.005803331542181623, 0.00569586243954863, 0.0053734551316496505, 0.0035464803868887696, 0.0031166039763567974, 0.002579258463191832, 0.0022568511552928535, 0.0016120365394948952, 0.0008597528210639441, 0.0008597528210639441]
path_index = 2
	ranking_index = [15, 23, 27, 29, 39, 30, 84, 43, 45, 97, 88, 71, 98, 51, 75, 46, 100, 77, 83, 104]
	ranking_prob = [0.4472864051585169, 0.2337452982267598, 0.11252015045674368, 0.058355722729715204, 0.037291778613648574, 0.02890918860827512, 0.015475550779150995, 0.013433637829124127, 0.010209564750134336, 0.008382590005373456, 0.006018269747447609, 0.005051047823750671, 0.004298764105319721, 0.0034390112842557765, 0.0027941966684578183, 0.002471789360558839, 0.0021493820526598604, 0.0019344438473938744, 0.0016120365394948952, 0.0011821601289629233]
path_index = 3
	ranking_index = [15, 23, 27, 29, 39, 30, 43, 84, 97, 45, 71, 88, 98, 51, 100, 75, 46, 77, 83, 85]
	ranking_prob = [0.4434175174637292, 0.2414830736163353, 0.11058570660934981, 0.05642127888232133, 0.0353573347662547, 0.03170338527673294, 0.014293390650188071, 0.013756045137023106, 0.008382590005373456, 0.00816765180010747, 0.005803331542181623, 0.005803331542181623, 0.005158516926383664, 0.0038688876947877487, 0.0031166039763567974, 0.002471789360558839, 0.0021493820526598604, 0.0011821601289629233, 0.0010746910263299302, 0.0010746910263299302]
path_index = 4
	ranking_index = [15, 23, 27, 29, 39, 30, 84, 43, 45, 97, 71, 88, 98, 51, 100, 75, 46, 83, 77, 53]
	ranking_prob = [0.4479312197743149, 0.2365394948952176, 0.1124126813541107, 0.05663621708758732, 0.0353573347662547, 0.028479312197743148, 0.015153143471252016, 0.013756045137023106, 0.010639441160666308, 0.00816765180010747, 0.0055883933369156365, 0.004943578721117678, 0.004083825900053735, 0.0033315421816227835, 0.0026867275658248252, 0.002579258463191832, 0.0021493820526598604, 0.0015045674368619022, 0.001289629231595916, 0.0011821601289629233]
path_index = 5
	ranking_index = [15, 23, 27, 29, 39, 30, 43, 84, 45, 88, 97, 71, 98, 51, 46, 75, 83, 100, 53, 104]
	ranking_prob = [0.44803868887694787, 0.2355722729715207, 0.10994089199355185, 0.05588393336915637, 0.03804406233207953, 0.02880171950564213, 0.015153143471252016, 0.01461579795808705, 0.009887157442235357, 0.008060182697474477, 0.007415368081676518, 0.006018269747447609, 0.004191295002686728, 0.0035464803868887696, 0.0023643202579258465, 0.0022568511552928535, 0.0019344438473938744, 0.0019344438473938744, 0.0011821601289629233, 0.0010746910263299302]
path_index = 6
	ranking_index = [15, 23, 27, 29, 39, 30, 84, 43, 45, 97, 88, 71, 98, 51, 75, 46, 100, 83, 77, 53]
	ranking_prob = [0.45298226759806554, 0.23976356797420742, 0.10822138635142396, 0.054701773240193444, 0.03503492745835572, 0.02815690488984417, 0.014400859752821064, 0.013218699623858141, 0.009564750134336377, 0.006985491671144546, 0.006555615260612574, 0.005910800644814616, 0.004406233207952714, 0.0031166039763567974, 0.0030091348737238044, 0.002579258463191832, 0.0020419129500268674, 0.0018269747447608813, 0.0016120365394948952, 0.0011821601289629233]
path_index = 7
	ranking_index = [15, 23, 27, 29, 39, 30, 84, 43, 97, 45, 71, 88, 51, 98, 46, 100, 75, 77, 83, 54]
	ranking_prob = [0.44814615797958085, 0.23879634605051048, 0.11047823750671681, 0.052874798495432564, 0.03632455668995164, 0.03030628694250403, 0.014723267060720044, 0.01354110693175712, 0.00999462654486835, 0.00967221923696937, 0.0055883933369156365, 0.004406233207952714, 0.004191295002686728, 0.0038688876947877487, 0.0033315421816227835, 0.0026867275658248252, 0.0021493820526598604, 0.0017195056421278883, 0.0013970983342289091, 0.0009672219236969372]