PAC(128-71)
L = 8
T = 0  Error Count = 30000
Rate-profile = rm-polar
design SNR = 3
Convolution poly = , [1 0 1 1 0 1 1]
CRC index = [15, 31, 47, 63, 79, 95, 111, 127] , CRC = 0 bits
Frozen-check = , [84, 88, 97, 98, 100, 104, 112] , Frozen-check = 7 bits
Mismatch = [84, 88, 97, 98, 100, 104, 112] , Mismatch-length = 0 , Mismatch-first = False
Enabling-Criterion =, FrozenCheck
Running : AccuracyforFlipEveryPath , 
Decoding starting Time : 2025-09-09 15-16-35
Running Time : 336 min


SNR = [1.0, 1.5, 2.0]
FER = [0.31814759435412887, 0.1646452561794793, 0.06727963849612595]
average_decoding_attempt = [1.0, 1.0, 1.0]
alpha0.1 (snr=1.0)
	path-0 , [0.39016667 0.5883     0.6832     0.73096667 0.76306667 0.79663333
 0.81496667 0.82306667 0.82913333 0.83426667 0.8398     0.8444
 0.8485     0.85193333 0.857      0.86226667 0.86706667 0.8706
 0.87436667 0.87833333]
	path-1 , [0.38933333 0.58963333 0.6849     0.73143333 0.76423333 0.7985
 0.81633333 0.82436667 0.8303     0.83596667 0.84183333 0.84653333
 0.85043333 0.8544     0.8596     0.865      0.86996667 0.87333333
 0.8778     0.88253333]
	path-2 , [0.3901     0.58823333 0.68453333 0.7331     0.76586667 0.7993
 0.81633333 0.8238     0.82983333 0.83573333 0.84136667 0.84583333
 0.85043333 0.8548     0.86026667 0.86513333 0.87026667 0.87403333
 0.87826667 0.8827    ]
	path-3 , [0.38766667 0.587      0.68243333 0.7307     0.76453333 0.7993
 0.81726667 0.82513333 0.83173333 0.83726667 0.84286667 0.8474
 0.85153333 0.85546667 0.86133333 0.86616667 0.87136667 0.8752
 0.8791     0.88376667]
	path-4 , [0.38963333 0.58733333 0.68433333 0.73306667 0.76613333 0.7996
 0.81726667 0.825      0.83093333 0.83703333 0.84293333 0.8476
 0.85193333 0.85583333 0.8611     0.86593333 0.87146667 0.87543333
 0.87946667 0.8834    ]
	path-5 , [0.392      0.589      0.6849     0.73323333 0.7662     0.8001
 0.81816667 0.8263     0.8324     0.83743333 0.8433     0.84796667
 0.85236667 0.85643333 0.86123333 0.86683333 0.87196667 0.87543333
 0.8795     0.8835    ]
	path-6 , [0.39073333 0.5892     0.68543333 0.7331     0.76526667 0.79986667
 0.8175     0.8259     0.83183333 0.83773333 0.84383333 0.8483
 0.8531     0.85736667 0.86373333 0.8691     0.87406667 0.87786667
 0.8814     0.88556667]
	path-7 , [0.38986667 0.5872     0.684      0.73113333 0.76336667 0.7982
 0.81593333 0.82393333 0.83056667 0.8363     0.84266667 0.84776667
 0.85236667 0.85633333 0.8622     0.86706667 0.8729     0.87636667
 0.8803     0.88486667]
alpha0.2 (snr=1.0)
	path-0 , [0.37       0.57883333 0.68866667 0.74623333 0.7817     0.80836667
 0.82696667 0.8395     0.8486     0.8578     0.86496667 0.8717
 0.87766667 0.88366667 0.8889     0.8936     0.89823333 0.90263333
 0.90693333 0.9107    ]
	path-1 , [0.36956667 0.5801     0.69023333 0.74713333 0.78193333 0.80863333
 0.82783333 0.841      0.85136667 0.861      0.8687     0.87566667
 0.88206667 0.88813333 0.8944     0.89903333 0.90316667 0.90736667
 0.91126667 0.91443333]
	path-2 , [0.3703     0.57883333 0.68893333 0.74746667 0.784      0.8097
 0.82833333 0.84153333 0.85146667 0.86123333 0.86893333 0.87596667
 0.88243333 0.8887     0.89406667 0.8992     0.90353333 0.90776667
 0.9116     0.91486667]
	path-3 , [0.36803333 0.5767     0.6876     0.74646667 0.78273333 0.8103
 0.8294     0.84226667 0.85203333 0.86156667 0.8691     0.87616667
 0.88363333 0.88983333 0.89546667 0.90036667 0.90473333 0.90843333
 0.9121     0.91533333]
	path-4 , [0.36836667 0.57826667 0.68916667 0.7492     0.7847     0.80993333
 0.82883333 0.84253333 0.85253333 0.86186667 0.86976667 0.87763333
 0.88426667 0.88923333 0.89443333 0.89936667 0.9038     0.90796667
 0.91216667 0.91466667]
	path-5 , [0.37086667 0.58036667 0.6901     0.7492     0.78466667 0.81133333
 0.83056667 0.8438     0.85333333 0.86293333 0.86986667 0.87686667
 0.8838     0.8899     0.8951     0.9001     0.90486667 0.90913333
 0.91283333 0.91566667]
	path-6 , [0.371      0.58003333 0.68916667 0.74806667 0.78393333 0.81156667
 0.8292     0.8425     0.85323333 0.86396667 0.87236667 0.879
 0.88596667 0.89216667 0.89716667 0.90183333 0.90616667 0.9093
 0.91303333 0.916     ]
	path-7 , [0.36836667 0.57646667 0.68886667 0.74676667 0.78196667 0.8094
 0.8283     0.8415     0.8521     0.8622     0.8696     0.87773333
 0.88413333 0.89013333 0.89516667 0.90036667 0.90483333 0.90896667
 0.91266667 0.91566667]
alpha0.30000000000000004 (snr=1.0)
	path-0 , [0.34243333 0.55176667 0.6741     0.74523333 0.7885     0.81896667
 0.83996667 0.856      0.86806667 0.87823333 0.88683333 0.89446667
 0.90053333 0.906      0.91086667 0.91533333 0.91926667 0.9219
 0.92396667 0.9263    ]
	path-1 , [0.3419     0.5524     0.67446667 0.74406667 0.78856667 0.81996667
 0.84243333 0.85923333 0.8723     0.8833     0.89163333 0.899
 0.90543333 0.91006667 0.9147     0.9183     0.92126667 0.924
 0.92596667 0.92813333]
	path-2 , [0.34243333 0.5504     0.67286667 0.74533333 0.78816667 0.82006667
 0.8425     0.8595     0.87166667 0.88273333 0.89093333 0.89866667
 0.90513333 0.91043333 0.91506667 0.9187     0.92223333 0.92473333
 0.92686667 0.92826667]
	path-3 , [0.341      0.54966667 0.67263333 0.74353333 0.7875     0.8196
 0.84256667 0.85973333 0.87233333 0.88336667 0.8918     0.90036667
 0.90683333 0.91213333 0.9173     0.92066667 0.92356667 0.9259
 0.92763333 0.9288    ]
	path-4 , [0.34153333 0.54993333 0.6738     0.7456     0.79046667 0.82126667
 0.84266667 0.86006667 0.87306667 0.88396667 0.89256667 0.8991
 0.90546667 0.9104     0.91476667 0.91873333 0.92193333 0.9242
 0.92643333 0.9282    ]
	path-5 , [0.3441     0.5514     0.67566667 0.74653333 0.79146667 0.8223
 0.8435     0.86123333 0.8733     0.88423333 0.89276667 0.90023333
 0.90693333 0.91196667 0.91666667 0.92       0.9233     0.92556667
 0.92773333 0.92906667]
	path-6 , [0.3421     0.5509     0.674      0.74563333 0.79056667 0.82196667
 0.8441     0.86226667 0.87403333 0.88493333 0.8934     0.90096667
 0.90736667 0.9125     0.9168     0.92043333 0.92326667 0.9258
 0.9277     0.92953333]
	path-7 , [0.34136667 0.54983333 0.67346667 0.74463333 0.78753333 0.81963333
 0.84173333 0.8596     0.87206667 0.88306667 0.89203333 0.8992
 0.90586667 0.9116     0.91653333 0.91976667 0.92353333 0.92593333
 0.9281     0.92943333]
alpha0.4 (snr=1.0)
	path-0 , [0.3197     0.51563333 0.64206667 0.7235     0.77686667 0.81316667
 0.84006667 0.8605     0.8748     0.88623333 0.8961     0.90303333
 0.90973333 0.91553333 0.91963333 0.92323333 0.9261     0.92823333
 0.92946667 0.93086667]
	path-1 , [0.31813333 0.51616667 0.64056667 0.7224     0.77713333 0.81493333
 0.84416667 0.86453333 0.8784     0.88866667 0.8986     0.90616667
 0.91293333 0.91796667 0.9221     0.92466667 0.92696667 0.92896667
 0.93046667 0.93166667]
	path-2 , [0.3204     0.51403333 0.64066667 0.72243333 0.77783333 0.81586667
 0.84353333 0.86406667 0.87763333 0.88923333 0.89796667 0.90696667
 0.91326667 0.91843333 0.92276667 0.92486667 0.9274     0.92956667
 0.931      0.93206667]
	path-3 , [0.3186     0.51313333 0.6401     0.71966667 0.77496667 0.8144
 0.84233333 0.86276667 0.8774     0.88996667 0.9009     0.90806667
 0.9148     0.9201     0.92346667 0.92623333 0.92826667 0.9298
 0.93123333 0.93223333]
	path-4 , [0.3194     0.5121     0.64136667 0.72463333 0.77753333 0.81533333
 0.84246667 0.86233333 0.8775     0.8895     0.89923333 0.906
 0.91283333 0.91763333 0.9218     0.92463333 0.92726667 0.92903333
 0.93063333 0.93183333]
	path-5 , [0.32046667 0.5133     0.64173333 0.7249     0.7793     0.81743333
 0.84566667 0.86563333 0.8797     0.89186667 0.90096667 0.90866667
 0.9145     0.91966667 0.92346667 0.92583333 0.92816667 0.93006667
 0.93126667 0.9323    ]
	path-6 , [0.3188     0.51453333 0.64143333 0.72416667 0.77856667 0.81723333
 0.84523333 0.86513333 0.87963333 0.89126667 0.90043333 0.908
 0.91443333 0.9195     0.92306667 0.926      0.92786667 0.9299
 0.931      0.9323    ]
	path-7 , [0.31966667 0.51426667 0.64086667 0.7223     0.7769     0.81563333
 0.8426     0.8627     0.87706667 0.8888     0.8987     0.90663333
 0.91366667 0.91836667 0.92243333 0.92546667 0.92763333 0.92923333
 0.931      0.9325    ]
alpha0.5 (snr=1.0)
	path-0 , [0.29553333 0.4792     0.60286667 0.68606667 0.7487     0.79423333
 0.826      0.85003333 0.8686     0.8834     0.8942     0.9034
 0.91113333 0.91683333 0.9212     0.9246     0.92756667 0.92926667
 0.9307     0.93176667]
	path-1 , [0.2934     0.47766667 0.60096667 0.68446667 0.74723333 0.7933
 0.8249     0.8508     0.86956667 0.8839     0.89566667 0.9044
 0.91226667 0.91766667 0.92146667 0.92513333 0.92783333 0.93
 0.93093333 0.93213333]
	path-2 , [0.29506667 0.47733333 0.60046667 0.68513333 0.74666667 0.79273333
 0.82476667 0.84893333 0.86813333 0.88333333 0.8952     0.9041
 0.91213333 0.9175     0.92193333 0.9255     0.9276     0.9298
 0.9311     0.93216667]
	path-3 , [0.29333333 0.47486667 0.599      0.68286667 0.74416667 0.7898
 0.82333333 0.84866667 0.86833333 0.8836     0.89536667 0.90476667
 0.91256667 0.91816667 0.92203333 0.92526667 0.92786667 0.9301
 0.9311     0.93213333]
	path-4 , [0.29523333 0.4758     0.59883333 0.68526667 0.74706667 0.79176667
 0.82353333 0.84793333 0.86726667 0.8824     0.89436667 0.90356667
 0.91053333 0.91626667 0.92123333 0.92423333 0.9273     0.9293
 0.93046667 0.9317    ]
	path-5 , [0.2943     0.47786667 0.60083333 0.68433333 0.7476     0.79496667
 0.82663333 0.8522     0.87106667 0.88566667 0.89673333 0.9057
 0.9124     0.91743333 0.92223333 0.92576667 0.92796667 0.92983333
 0.93126667 0.93236667]
	path-6 , [0.29463333 0.47693333 0.6005     0.68476667 0.74813333 0.79263333
 0.82466667 0.84846667 0.8686     0.8836     0.89496667 0.90343333
 0.91066667 0.9163     0.9214     0.92533333 0.92756667 0.92966667
 0.93083333 0.93206667]
	path-7 , [0.29373333 0.47753333 0.59923333 0.68363333 0.74636667 0.7903
 0.82386667 0.84776667 0.8665     0.88203333 0.8934     0.90233333
 0.9095     0.9164     0.9205     0.92393333 0.9273     0.92936667
 0.931      0.9319    ]
alpha0.6 (snr=1.0)
	path-0 , [0.273      0.44313333 0.5628     0.6508     0.7154     0.7642
 0.8028     0.83213333 0.8548     0.8734     0.88656667 0.89856667
 0.90706667 0.91433333 0.91883333 0.9231     0.92626667 0.9287
 0.93063333 0.93163333]
	path-1 , [0.27023333 0.44003333 0.55833333 0.6461     0.70976667 0.7585
 0.79783333 0.82843333 0.8516     0.87066667 0.88593333 0.89726667
 0.90673333 0.91356667 0.91883333 0.92263333 0.9262     0.9287
 0.93053333 0.93183333]
	path-2 , [0.27316667 0.43956667 0.55836667 0.6447     0.70886667 0.75673333
 0.7951     0.82513333 0.84803333 0.86766667 0.8837     0.8955
 0.90586667 0.9135     0.91856667 0.9222     0.92543333 0.9284
 0.9302     0.93153333]
	path-3 , [0.27086667 0.4389     0.55656667 0.6417     0.70463333 0.75453333
 0.7936     0.82436667 0.84896667 0.86786667 0.88256667 0.89496667
 0.90526667 0.9128     0.9183     0.9218     0.92496667 0.92746667
 0.9296     0.93106667]
	path-4 , [0.2718     0.43836667 0.55586667 0.6442     0.70586667 0.7545
 0.7927     0.82336667 0.84726667 0.86626667 0.88076667 0.8936
 0.90386667 0.9108     0.91686667 0.9216     0.92523333 0.92753333
 0.9295     0.9309    ]
	path-5 , [0.27006667 0.44       0.55673333 0.64193333 0.70686667 0.75646667
 0.79473333 0.82506667 0.84923333 0.8681     0.88253333 0.89593333
 0.9058     0.91256667 0.91786667 0.92193333 0.925      0.92776667
 0.92983333 0.93133333]
	path-6 , [0.27103333 0.4385     0.5558     0.64456667 0.70796667 0.7549
 0.7925     0.82303333 0.84606667 0.86556667 0.8804     0.89296667
 0.9027     0.91096667 0.91663333 0.9206     0.9242     0.92723333
 0.92906667 0.93076667]
	path-7 , [0.27193333 0.43896667 0.5558     0.6405     0.70536667 0.7544
 0.79113333 0.82096667 0.84576667 0.86436667 0.87883333 0.89083333
 0.90153333 0.90976667 0.91516667 0.92043333 0.92433333 0.92733333
 0.92936667 0.9309    ]
alpha0.7000000000000001 (snr=1.0)
	path-0 , [0.25286667 0.41266667 0.528      0.61393333 0.6809     0.73436667
 0.77853333 0.8125     0.83896667 0.8597     0.8764     0.89076667
 0.9016     0.9105     0.91613333 0.9211     0.92433333 0.92713333
 0.9294     0.9311    ]
	path-1 , [0.25116667 0.40753333 0.51993333 0.60573333 0.6721     0.725
 0.76996667 0.80513333 0.8326     0.85543333 0.87353333 0.88683333
 0.89843333 0.9078     0.91496667 0.91986667 0.9237     0.92656667
 0.92873333 0.93066667]
	path-2 , [0.2528     0.40896667 0.52       0.60336667 0.66886667 0.7221
 0.7639     0.79893333 0.82743333 0.8503     0.8692     0.88393333
 0.8963     0.90646667 0.91383333 0.91856667 0.92266667 0.92593333
 0.92803333 0.93026667]
	path-3 , [0.25043333 0.40596667 0.51666667 0.6001     0.66576667 0.71746667
 0.75973333 0.79603333 0.8264     0.85053333 0.8689     0.88316667
 0.8948     0.905      0.91203333 0.91766667 0.92206667 0.92513333
 0.9273     0.9294    ]
	path-4 , [0.2514     0.40566667 0.518      0.60113333 0.66573333 0.7181
 0.75906667 0.7946     0.82336667 0.84783333 0.86546667 0.8807
 0.8939     0.9042     0.91146667 0.9168     0.92186667 0.92526667
 0.92766667 0.92966667]
	path-5 , [0.24963333 0.40633333 0.51863333 0.602      0.66463333 0.71986667
 0.76153333 0.79556667 0.82426667 0.84756667 0.86666667 0.8812
 0.89386667 0.90516667 0.91233333 0.9178     0.9218     0.92506667
 0.9279     0.9298    ]
	path-6 , [0.25076667 0.406      0.5178     0.59983333 0.6649     0.71756667
 0.75766667 0.79203333 0.82093333 0.84436667 0.8632     0.8787
 0.8924     0.90213333 0.91013333 0.91626667 0.9201     0.9238
 0.92703333 0.92913333]
	path-7 , [0.25193333 0.4071     0.5174     0.59773333 0.6621     0.7141
 0.75593333 0.79126667 0.81946667 0.84256667 0.8617     0.87756667
 0.8903     0.9004     0.90803333 0.91433333 0.9195     0.92373333
 0.92716667 0.9295    ]
alpha0.8 (snr=1.0)
	path-0 , [0.23536667 0.3858     0.49643333 0.58363333 0.65136667 0.7082
 0.75466667 0.79263333 0.8224     0.84736667 0.86576667 0.88176667
 0.89466667 0.90496667 0.9128     0.91873333 0.92263333 0.9256
 0.92833333 0.93006667]
	path-1 , [0.2331     0.379      0.4882     0.57266667 0.63943333 0.6955
 0.74273333 0.7821     0.81403333 0.8395     0.8607     0.87646667
 0.89       0.90113333 0.91003333 0.91676667 0.9212     0.9247
 0.92746667 0.92936667]
	path-2 , [0.23443333 0.37956667 0.48743333 0.5689     0.634      0.6894
 0.73503333 0.77393333 0.80726667 0.83446667 0.85483333 0.8738
 0.88766667 0.89923333 0.90773333 0.9146     0.9194     0.9236
 0.92606667 0.92873333]
	path-3 , [0.2327     0.3779     0.4832     0.5632     0.62956667 0.6844
 0.7298     0.7695     0.8043     0.83146667 0.85336667 0.87146667
 0.88523333 0.89696667 0.906      0.91316667 0.91896667 0.92273333
 0.92533333 0.92783333]
	path-4 , [0.23343333 0.37743333 0.48213333 0.56523333 0.62923333 0.68273333
 0.72946667 0.76756667 0.8002     0.82826667 0.85       0.86876667
 0.88336667 0.8956     0.90513333 0.91176667 0.91796667 0.92253333
 0.9256     0.9281    ]
	path-5 , [0.2314     0.37683333 0.48326667 0.56566667 0.6277     0.6833
 0.7284     0.76796667 0.80076667 0.8276     0.85036667 0.8687
 0.88286667 0.8961     0.9055     0.9128     0.9185     0.92263333
 0.92576667 0.928     ]
	path-6 , [0.23146667 0.3767     0.4818     0.5629     0.6272     0.67916667
 0.72476667 0.76296667 0.79563333 0.82286667 0.8466     0.8652
 0.88066667 0.89343333 0.90316667 0.91076667 0.91626667 0.9211
 0.92473333 0.92743333]
	path-7 , [0.23216667 0.37563333 0.47946667 0.559      0.62483333 0.67753333
 0.72263333 0.7612     0.79336667 0.82166667 0.8444     0.8631
 0.8788     0.89046667 0.90073333 0.90896667 0.91563333 0.92043333
 0.92443333 0.92763333]
alpha0.9 (snr=1.0)
	path-0 , [0.22093333 0.36226667 0.46906667 0.5586     0.6289     0.68783333
 0.73563333 0.77716667 0.809      0.83476667 0.8567     0.87433333
 0.88816667 0.9004     0.9093     0.91553333 0.92083333 0.92436667
 0.9277     0.92936667]
	path-1 , [0.2186     0.35406667 0.45753333 0.5426     0.613      0.6711
 0.72043333 0.76403333 0.79826667 0.82676667 0.84986667 0.86753333
 0.8822     0.8948     0.9052     0.91296667 0.91853333 0.92296667
 0.92626667 0.9288    ]
	path-2 , [0.21993333 0.3541     0.45616667 0.53823333 0.60563333 0.6638
 0.71143333 0.75353333 0.78936667 0.82003333 0.84296667 0.86266667
 0.8789     0.89206667 0.90286667 0.9105     0.9164     0.92133333
 0.92463333 0.9276    ]
	path-3 , [0.21743333 0.35196667 0.4518     0.5312     0.59903333 0.65593333
 0.70566667 0.74856667 0.7842     0.81576667 0.8415     0.85973333
 0.8758     0.88936667 0.9001     0.90893333 0.91523333 0.9205
 0.92386667 0.92676667]
	path-4 , [0.21796667 0.35043333 0.45076667 0.53313333 0.59726667 0.65346667
 0.70293333 0.74546667 0.77976667 0.812      0.8372     0.85723333
 0.87386667 0.8866     0.89876667 0.90766667 0.91436667 0.92
 0.92353333 0.92693333]
	path-5 , [0.2157     0.3495     0.45183333 0.5323     0.5988     0.6524
 0.7018     0.74366667 0.78       0.81033333 0.8363     0.8569
 0.8736     0.88713333 0.89946667 0.90863333 0.91493333 0.9199
 0.92386667 0.9266    ]
	path-6 , [0.21666667 0.3503     0.44943333 0.52943333 0.59503333 0.6506
 0.6984     0.73813333 0.77326667 0.80393333 0.83186667 0.85263333
 0.86956667 0.88506667 0.89656667 0.90593333 0.9128     0.91803333
 0.92266667 0.92593333]
	path-7 , [0.21776667 0.34906667 0.4484     0.52493333 0.59183333 0.6474
 0.69503333 0.7353     0.77203333 0.80236667 0.8297     0.85116667
 0.8687     0.88236667 0.89393333 0.9039     0.91103333 0.91736667
 0.9217     0.92583333]
path_index = 0
	ranking_index = [15, 23, 27, 29, 39, 30, 43, 84, 71, 97, 45, 88, 75, 51, 98, 77, 83, 53, 46, 100]
	ranking_prob = [0.41892904284542115, 0.20798401769469516, 0.10167314758660055, 0.04965930576861332, 0.04673397310120937, 0.026149620063501123, 0.020584353037708253, 0.019585458956155686, 0.01733794727266241, 0.014020191930362812, 0.011737005458242659, 0.008633298847704328, 0.00845492490456994, 0.008276550961435553, 0.006706860261852948, 0.005244193928150976, 0.004887446041882202, 0.004245299846598409, 0.004173950269344654, 0.0031750561877920873]
path_index = 1
	ranking_index = [15, 23, 27, 39, 29, 30, 43, 84, 71, 97, 45, 88, 51, 75, 98, 77, 83, 46, 53, 100]
	ranking_prob = [0.4180371731297492, 0.21101637472797974, 0.1011380257571974, 0.04851771253255324, 0.048410688166672614, 0.025257750347829188, 0.021226499232992045, 0.020084905996931968, 0.01840819093146873, 0.011701330669615782, 0.011237558417466377, 0.00859762405907745, 0.008526274481823696, 0.008276550961435553, 0.005672291391673505, 0.005600941814419749, 0.005065819985016589, 0.00478042167600157, 0.004459348578359674, 0.0027469587242695587]
path_index = 2
	ranking_index = [15, 23, 27, 29, 39, 30, 43, 84, 71, 97, 45, 88, 75, 51, 77, 98, 83, 53, 46, 100]
	ranking_prob = [0.41875066890228674, 0.20919696050800898, 0.10242231814776498, 0.05030145196389711, 0.046983696621597515, 0.026435018372516144, 0.01979950768791695, 0.019728158110663193, 0.01858656487460312, 0.011701330669615782, 0.010702436588063215, 0.008954371945346224, 0.008918697156719347, 0.008704648424958081, 0.00545824265991224, 0.005386893082658485, 0.0049231208305090795, 0.0046020477328671825, 0.004173950269344654, 0.002675609147015804]
path_index = 3
	ranking_index = [15, 23, 27, 29, 39, 30, 43, 84, 71, 45, 97, 51, 75, 88, 77, 83, 98, 53, 46, 100]
	ranking_prob = [0.41657450679604724, 0.20969640754878527, 0.1019228711069887, 0.0496949805572402, 0.04962363097998644, 0.026327994006635512, 0.020941100923977024, 0.02086975134672327, 0.01840819093146873, 0.011308907994720131, 0.010702436588063215, 0.008526274481823696, 0.008347900538689309, 0.00831222575006243, 0.00531554350540473, 0.005137169562270344, 0.0050301451963897115, 0.004423673789732796, 0.004387999001105918, 0.0026399343583889266]
path_index = 4
	ranking_index = [15, 23, 27, 29, 39, 30, 43, 84, 71, 45, 97, 88, 51, 75, 98, 77, 46, 83, 53, 100]
	ranking_prob = [0.41775177482073417, 0.20951803360565088, 0.1023866433591381, 0.051228996468195925, 0.04751881845100068, 0.025792872177232348, 0.020548678249081374, 0.019728158110663193, 0.018657914451856873, 0.010987834897078235, 0.010738111376690094, 0.008954371945346224, 0.008847347579465592, 0.008775998002211837, 0.005137169562270344, 0.004851771253255324, 0.004673397310120938, 0.00463772252149406, 0.004387999001105918, 0.0027112839356426815]
path_index = 5
	ranking_index = [15, 23, 27, 29, 39, 30, 43, 84, 71, 45, 97, 51, 88, 75, 83, 77, 98, 53, 46, 54]
	ranking_prob = [0.420712782276765, 0.20812671684920267, 0.10202989547286932, 0.04958795619135957, 0.048018265491776964, 0.025971246120366737, 0.021190824444365167, 0.020156255574185725, 0.018836288394991258, 0.011522956726481395, 0.010131639970033178, 0.00874032321358496, 0.008419250115943064, 0.008276550961435553, 0.005208519139524098, 0.005101494773643466, 0.0049231208305090795, 0.003888551960329635, 0.003781527594449003, 0.002604259569762049]
path_index = 6
	ranking_index = [15, 23, 27, 29, 39, 30, 43, 71, 84, 45, 97, 51, 75, 88, 77, 83, 53, 98, 46, 100]
	ranking_prob = [0.4191074167885555, 0.20958938318290465, 0.10267204166815312, 0.04955228140273269, 0.04744746887374692, 0.025971246120366737, 0.020620027826335128, 0.019407085013021297, 0.01869358924048375, 0.011665655880988906, 0.01023866433591381, 0.009382469408868752, 0.00902572152259998, 0.008240876172808677, 0.00531554350540473, 0.004851771253255324, 0.0046020477328671825, 0.004138275480717777, 0.004031251114837145, 0.0028183083015233135]
path_index = 7
	ranking_index = [15, 23, 27, 29, 39, 30, 43, 84, 71, 45, 97, 75, 51, 88, 77, 98, 83, 53, 46, 54]
	ranking_prob = [0.41782312439798797, 0.20812671684920267, 0.10377796011558632, 0.04848203774392637, 0.047697192394135064, 0.026399343583889266, 0.020655702614962006, 0.02004923120830509, 0.01965680853340944, 0.011951054190003925, 0.01063108701080946, 0.009204095465734365, 0.009132745888480611, 0.008276550961435553, 0.005208519139524098, 0.0049231208305090795, 0.004851771253255324, 0.0048160964646284474, 0.0047090720987478145, 0.002568584781135172]
alpha0.1 (snr=1.5)
	path-0 , [0.391      0.5946     0.6883     0.7379     0.76943333 0.80176667
 0.8205     0.83076667 0.83693333 0.84186667 0.84623333 0.85086667
 0.8549     0.8592     0.86386667 0.8668     0.87056667 0.8743
 0.87723333 0.88123333]
	path-1 , [0.39213333 0.59583333 0.69123333 0.74063333 0.77153333 0.8035
 0.82226667 0.83156667 0.83763333 0.84276667 0.8472     0.85236667
 0.8566     0.86103333 0.86526667 0.8688     0.87276667 0.87683333
 0.88033333 0.88456667]
	path-2 , [0.39       0.59326667 0.6895     0.74003333 0.772      0.8037
 0.8234     0.83323333 0.83946667 0.84386667 0.84846667 0.85326667
 0.8579     0.86266667 0.86713333 0.87066667 0.87463333 0.878
 0.8815     0.88563333]
	path-3 , [0.3902     0.59273333 0.6901     0.74053333 0.7722     0.80496667
 0.82343333 0.833      0.83896667 0.8439     0.84833333 0.85326667
 0.85776667 0.86276667 0.86733333 0.87056667 0.87486667 0.8787
 0.8819     0.88626667]
	path-4 , [0.3887     0.59593333 0.6924     0.74303333 0.77476667 0.8059
 0.82446667 0.83493333 0.8407     0.8454     0.84943333 0.85423333
 0.85866667 0.86353333 0.8678     0.87163333 0.87573333 0.8797
 0.88403333 0.88796667]
	path-5 , [0.38956667 0.59383333 0.6898     0.73946667 0.771      0.80366667
 0.82273333 0.8328     0.8389     0.84393333 0.84866667 0.85356667
 0.8583     0.86296667 0.8671     0.87103333 0.87496667 0.87933333
 0.88333333 0.8877    ]
	path-6 , [0.39046667 0.595      0.692      0.74253333 0.77473333 0.80673333
 0.82613333 0.8363     0.84196667 0.84656667 0.85076667 0.856
 0.86056667 0.86576667 0.86993333 0.87343333 0.87783333 0.88153333
 0.88526667 0.88896667]
	path-7 , [0.39156667 0.5955     0.69103333 0.7416     0.77373333 0.80603333
 0.82443333 0.83473333 0.84086667 0.84623333 0.85066667 0.8554
 0.8598     0.86426667 0.8689     0.872      0.87556667 0.87936667
 0.88333333 0.88756667]
alpha0.2 (snr=1.5)
	path-0 , [0.36736667 0.57803333 0.691      0.75266667 0.78946667 0.81563333
 0.83506667 0.8497     0.85966667 0.86846667 0.8754     0.88093333
 0.88643333 0.89243333 0.89696667 0.90163333 0.90553333 0.9099
 0.9127     0.91556667]
	path-1 , [0.3686     0.5806     0.69343333 0.75513333 0.7927     0.81873333
 0.83706667 0.85126667 0.86183333 0.87086667 0.8787     0.88423333
 0.89046667 0.89586667 0.90086667 0.90516667 0.9089     0.9127
 0.9154     0.91826667]
	path-2 , [0.36786667 0.5787     0.69173333 0.75396667 0.7919     0.819
 0.83866667 0.8525     0.8631     0.87253333 0.8799     0.88573333
 0.89166667 0.89733333 0.9027     0.9065     0.91006667 0.91376667
 0.9167     0.91876667]
	path-3 , [0.36643333 0.57786667 0.692      0.7546     0.7917     0.81863333
 0.8372     0.85143333 0.8624     0.8715     0.8797     0.88556667
 0.89106667 0.89693333 0.90226667 0.9065     0.91023333 0.91403333
 0.9168     0.9193    ]
	path-4 , [0.3672     0.58186667 0.6952     0.75683333 0.7953     0.8206
 0.84016667 0.85446667 0.8649     0.87356667 0.8813     0.88723333
 0.89313333 0.8987     0.90386667 0.9081     0.91176667 0.91543333
 0.91833333 0.92076667]
	path-5 , [0.3678     0.5774     0.69146667 0.75373333 0.79146667 0.81893333
 0.8377     0.85253333 0.8629     0.87206667 0.88066667 0.8874
 0.8929     0.89893333 0.90366667 0.9081     0.91173333 0.91586667
 0.91856667 0.92106667]
	path-6 , [0.36733333 0.58033333 0.69343333 0.75746667 0.79496667 0.82216667
 0.84083333 0.85616667 0.86653333 0.87493333 0.88236667 0.8887
 0.8947     0.90073333 0.90606667 0.9101     0.91363333 0.91693333
 0.91936667 0.92156667]
	path-7 , [0.36766667 0.5803     0.69213333 0.75563333 0.79366667 0.82093333
 0.8395     0.85393333 0.8643     0.87326667 0.8815     0.88743333
 0.89353333 0.89916667 0.90433333 0.9086     0.9124     0.91576667
 0.91836667 0.92126667]
alpha0.30000000000000004 (snr=1.5)
	path-0 , [0.3357     0.54236667 0.66676667 0.74216667 0.79143333 0.82303333
 0.8476     0.86503333 0.87776667 0.88736667 0.8957     0.9023
 0.90803333 0.91293333 0.91683333 0.91996667 0.9231     0.92566667
 0.92776667 0.92913333]
	path-1 , [0.33736667 0.54576667 0.66996667 0.74616667 0.7964     0.82693333
 0.85016667 0.8671     0.88063333 0.89073333 0.89933333 0.9059
 0.9109     0.91573333 0.91946667 0.92203333 0.925      0.92716667
 0.92853333 0.9299    ]
	path-2 , [0.33823333 0.54383333 0.67003333 0.7459     0.79506667 0.827
 0.8503     0.8677     0.88113333 0.8914     0.89983333 0.90646667
 0.9124     0.91683333 0.9201     0.92253333 0.92486667 0.92753333
 0.92863333 0.92993333]
	path-3 , [0.3349     0.5431     0.66853333 0.74543333 0.79466667 0.82616667
 0.8497     0.8669     0.88056667 0.89193333 0.90003333 0.9073
 0.9123     0.9168     0.92023333 0.92353333 0.9261     0.92803333
 0.92953333 0.93066667]
	path-4 , [0.337      0.5468     0.6721     0.74706667 0.7968     0.8292
 0.85326667 0.8695     0.8828     0.89246667 0.90093333 0.9079
 0.91313333 0.91743333 0.92106667 0.92403333 0.9267     0.9285
 0.92983333 0.93106667]
	path-5 , [0.33663333 0.54316667 0.66716667 0.7437     0.79336667 0.82693333
 0.8505     0.86823333 0.8824     0.8926     0.90143333 0.90846667
 0.91353333 0.9185     0.92153333 0.9247     0.92706667 0.9288
 0.9303     0.93136667]
	path-6 , [0.33606667 0.54486667 0.66876667 0.74613333 0.79653333 0.82893333
 0.85216667 0.86956667 0.8838     0.89403333 0.90236667 0.9093
 0.91396667 0.91876667 0.9221     0.9249     0.9271     0.92883333
 0.93033333 0.93123333]
	path-7 , [0.33703333 0.54546667 0.6682     0.74573333 0.7967     0.82833333
 0.85166667 0.86933333 0.88363333 0.89443333 0.902      0.90896667
 0.9139     0.9184     0.92243333 0.92503333 0.92743333 0.92906667
 0.93016667 0.9311    ]
alpha0.4 (snr=1.5)
	path-0 , [0.30643333 0.50046667 0.62993333 0.71393333 0.77246667 0.81086667
 0.83953333 0.86213333 0.87913333 0.8911     0.90006667 0.90773333
 0.9143     0.91833333 0.92206667 0.9251     0.92773333 0.92993333
 0.93116667 0.93203333]
	path-1 , [0.30793333 0.50196667 0.63136667 0.7179     0.7747     0.81276667
 0.8414     0.86386667 0.88203333 0.89383333 0.9028     0.9101
 0.91593333 0.91993333 0.92363333 0.92666667 0.92866667 0.93036667
 0.93133333 0.9321    ]
	path-2 , [0.308      0.5016     0.63076667 0.71583333 0.77383333 0.81253333
 0.84096667 0.86286667 0.88046667 0.8935     0.903      0.91136667
 0.91673333 0.92103333 0.92446667 0.9272     0.92923333 0.93086667
 0.93183333 0.93233333]
	path-3 , [0.3044     0.49896667 0.6287     0.71566667 0.77306667 0.81226667
 0.84133333 0.8637     0.8812     0.89386667 0.90313333 0.91066667
 0.91693333 0.92143333 0.92483333 0.92756667 0.9294     0.93083333
 0.93176667 0.93246667]
	path-4 , [0.30913333 0.5031     0.6327     0.7185     0.77643333 0.81523333
 0.8433     0.8652     0.88173333 0.89393333 0.90353333 0.91086667
 0.9173     0.92156667 0.92436667 0.92756667 0.92986667 0.931
 0.93183333 0.93263333]
	path-5 , [0.30776667 0.50066667 0.62923333 0.71436667 0.77203333 0.8114
 0.84196667 0.8649     0.8811     0.89383333 0.90356667 0.91143333
 0.91676667 0.92106667 0.9244     0.92723333 0.9297     0.93116667
 0.9321     0.93256667]
	path-6 , [0.3069     0.5026     0.63056667 0.71686667 0.775      0.81336667
 0.8417     0.86476667 0.88196667 0.89523333 0.90376667 0.91103333
 0.9173     0.92183333 0.92493333 0.92706667 0.92906667 0.931
 0.9318     0.9325    ]
	path-7 , [0.30763333 0.5015     0.62973333 0.71526667 0.77366667 0.8126
 0.84183333 0.86416667 0.88233333 0.89516667 0.90413333 0.91203333
 0.91786667 0.92183333 0.92476667 0.9277     0.92933333 0.9308
 0.9319     0.93253333]
alpha0.5 (snr=1.5)
	path-0 , [0.2802     0.46026667 0.58326667 0.67253333 0.73576667 0.78413333
 0.81873333 0.84523333 0.86503333 0.88226667 0.89453333 0.90453333
 0.9116     0.9176     0.92253333 0.9256     0.92803333 0.92976667
 0.93126667 0.93233333]
	path-1 , [0.2826     0.461      0.5841     0.6726     0.7367     0.78306667
 0.81733333 0.8436     0.8652     0.8822     0.896      0.90556667
 0.9126     0.9181     0.92243333 0.9255     0.92813333 0.9303
 0.9313     0.93226667]
	path-2 , [0.2827     0.4599     0.5836     0.6722     0.7347     0.7817
 0.8153     0.84196667 0.8628     0.87993333 0.89256667 0.90343333
 0.91253333 0.91856667 0.92283333 0.92586667 0.92806667 0.92983333
 0.93126667 0.93236667]
	path-3 , [0.27846667 0.45603333 0.5817     0.67056667 0.73403333 0.7791
 0.81386667 0.84036667 0.86186667 0.87903333 0.89233333 0.90276667
 0.91106667 0.91716667 0.922      0.9253     0.92783333 0.92993333
 0.93103333 0.932     ]
	path-4 , [0.28263333 0.46323333 0.58463333 0.67266667 0.73536667 0.78183333
 0.81563333 0.84193333 0.8622     0.8795     0.89276667 0.904
 0.91163333 0.9168     0.92223333 0.92576667 0.92803333 0.93
 0.93126667 0.93216667]
	path-5 , [0.28093333 0.458      0.5845     0.67006667 0.73193333 0.77813333
 0.81413333 0.84046667 0.86126667 0.87926667 0.89243333 0.90286667
 0.91036667 0.9163     0.92126667 0.92463333 0.92756667 0.92973333
 0.93093333 0.93173333]
	path-6 , [0.28183333 0.46113333 0.58353333 0.67106667 0.7344     0.77953333
 0.8143     0.84063333 0.8617     0.87873333 0.891      0.90166667
 0.90983333 0.9161     0.92126667 0.9247     0.92753333 0.92916667
 0.93066667 0.93196667]
	path-7 , [0.2825     0.45856667 0.58126667 0.66906667 0.7336     0.77933333
 0.8133     0.8413     0.8624     0.87943333 0.89293333 0.90273333
 0.91076667 0.9168     0.92123333 0.92473333 0.92703333 0.92893333
 0.9308     0.932     ]
alpha0.6 (snr=1.5)
	path-0 , [0.25836667 0.4217     0.5398     0.62803333 0.697      0.74943333
 0.79063333 0.82366667 0.8489     0.8678     0.88433333 0.89666667
 0.90723333 0.91333333 0.91916667 0.92316667 0.92646667 0.9287
 0.9304     0.93153333]
	path-1 , [0.25923333 0.4225     0.5375     0.62596667 0.69283333 0.74433333
 0.78593333 0.8179     0.84453333 0.86433333 0.88153333 0.89483333
 0.905      0.91213333 0.91793333 0.92306667 0.92593333 0.928
 0.93016667 0.93146667]
	path-2 , [0.2601     0.42133333 0.53493333 0.6217     0.6902     0.74083333
 0.78226667 0.8152     0.84133333 0.86166667 0.87713333 0.89123333
 0.90223333 0.91013333 0.91723333 0.92213333 0.9253     0.92813333
 0.92993333 0.93133333]
	path-3 , [0.2544     0.4165     0.53426667 0.6213     0.68716667 0.73773333
 0.77876667 0.8109     0.83806667 0.85903333 0.877      0.89066667
 0.90056667 0.90916667 0.91566667 0.9212     0.92456667 0.92756667
 0.92936667 0.93116667]
	path-4 , [0.2615     0.4226     0.5364     0.6219     0.68683333 0.73906667
 0.77936667 0.811      0.83733333 0.85933333 0.87703333 0.8904
 0.90176667 0.9094     0.91596667 0.92083333 0.92516667 0.92726667
 0.92953333 0.93086667]
	path-5 , [0.25726667 0.42006667 0.5354     0.61936667 0.68663333 0.73573333
 0.7761     0.80843333 0.83423333 0.85566667 0.8748     0.88906667
 0.89963333 0.90823333 0.91506667 0.91996667 0.92416667 0.9271
 0.92916667 0.93043333]
	path-6 , [0.25773333 0.4209     0.53416667 0.6211     0.68643333 0.73576667
 0.77723333 0.80916667 0.83463333 0.8565     0.8741     0.8868
 0.89806667 0.9071     0.9148     0.92046667 0.9242     0.92706667
 0.9289     0.9307    ]
	path-7 , [0.2588     0.4189     0.5344     0.6211     0.684      0.73446667
 0.77573333 0.80856667 0.83466667 0.85676667 0.87406667 0.88773333
 0.89826667 0.9075     0.91416667 0.91943333 0.92333333 0.92633333
 0.92876667 0.93043333]
alpha0.7000000000000001 (snr=1.5)
	path-0 , [0.23663333 0.39023333 0.5019     0.59123333 0.66156667 0.71816667
 0.7653     0.802      0.8313     0.85376667 0.87196667 0.8875
 0.899      0.9085     0.9153     0.92053333 0.92383333 0.92726667
 0.92956667 0.93073333]
	path-1 , [0.23836667 0.39036667 0.49826667 0.5852     0.6522     0.70836667
 0.75466667 0.79323333 0.8237     0.84843333 0.86746667 0.88363333
 0.89663333 0.90476667 0.9125     0.9186     0.92333333 0.92613333
 0.9288     0.9305    ]
	path-2 , [0.23826667 0.3886     0.49493333 0.5778     0.64806667 0.70383333
 0.75066667 0.7884     0.81986667 0.84323333 0.86273333 0.8784
 0.89113333 0.9017     0.91016667 0.9165     0.9221     0.92596667
 0.9283     0.93006667]
	path-3 , [0.23406667 0.3839     0.4928     0.5769     0.64413333 0.69883333
 0.74446667 0.78243333 0.8125     0.83796667 0.86096667 0.87743333
 0.89       0.90013333 0.908      0.91536667 0.92043333 0.92486667
 0.9274     0.92953333]
	path-4 , [0.23943333 0.3886     0.49413333 0.576      0.643      0.6983
 0.74343333 0.78106667 0.81273333 0.8387     0.85923333 0.87663333
 0.8902     0.9005     0.9087     0.9151     0.92123333 0.92513333
 0.92773333 0.92956667]
	path-5 , [0.23566667 0.38546667 0.4927     0.57593333 0.64123333 0.6946
 0.73943333 0.7779     0.8069     0.83343333 0.85493333 0.873
 0.8871     0.89873333 0.90773333 0.91453333 0.9203     0.92416667
 0.92703333 0.9293    ]
	path-6 , [0.23536667 0.38623333 0.49223333 0.57506667 0.64023333 0.69476667
 0.7392     0.77606667 0.80676667 0.83363333 0.8545     0.87246667
 0.88603333 0.89683333 0.90596667 0.91383333 0.9194     0.9236
 0.92696667 0.92906667]
	path-7 , [0.23736667 0.386      0.492      0.573      0.63826667 0.69203333
 0.73793333 0.77516667 0.80563333 0.83206667 0.85366667 0.87156667
 0.88576667 0.8967     0.90623333 0.91303333 0.91896667 0.92326667
 0.92596667 0.92866667]
alpha0.8 (snr=1.5)
	path-0 , [0.22016667 0.36313333 0.47066667 0.5591     0.6333     0.69336667
 0.74296667 0.7819     0.8156     0.8408     0.86163333 0.879
 0.89323333 0.90373333 0.9116     0.91783333 0.92153333 0.92523333
 0.92816667 0.9298    ]
	path-1 , [0.22126667 0.36116667 0.466      0.55003333 0.61923333 0.67823333
 0.72846667 0.77166667 0.80573333 0.8336     0.85563333 0.8734
 0.88843333 0.89866667 0.90703333 0.91413333 0.92023333 0.92426667
 0.92753333 0.92953333]
	path-2 , [0.22153333 0.35853333 0.46053333 0.54166667 0.61246667 0.67216667
 0.7236     0.76406667 0.80033333 0.82613333 0.84963333 0.8671
 0.88213333 0.89446667 0.90366667 0.91153333 0.91813333 0.92333333
 0.92636667 0.92853333]
	path-3 , [0.21653333 0.354      0.4575     0.54023333 0.60666667 0.66493333
 0.7139     0.75613333 0.79046667 0.8199     0.84526667 0.86516667
 0.88056667 0.8915     0.902      0.91026667 0.91693333 0.92223333
 0.92526667 0.92773333]
	path-4 , [0.2222     0.3593     0.4588     0.53766667 0.60513333 0.66416667
 0.71303333 0.75443333 0.79186667 0.8192     0.84376667 0.86336667
 0.87916667 0.89286667 0.90256667 0.91006667 0.91686667 0.92203333
 0.92563333 0.9282    ]
	path-5 , [0.21716667 0.3554     0.45703333 0.53843333 0.60403333 0.66013333
 0.708      0.75003333 0.78466667 0.8134     0.8391     0.85886667
 0.87586667 0.88963333 0.90006667 0.9091     0.9158     0.92073333
 0.9247     0.92736667]
	path-6 , [0.2182     0.35506667 0.45566667 0.53553333 0.6027     0.6575
 0.70583333 0.7461     0.7816     0.8125     0.8372     0.8577
 0.87416667 0.88906667 0.8992     0.90696667 0.9146     0.92036667
 0.92483333 0.9276    ]
	path-7 , [0.21786667 0.3545     0.45603333 0.53353333 0.59896667 0.65613333
 0.70456667 0.74553333 0.7809     0.8103     0.835      0.85726667
 0.87376667 0.88676667 0.8988     0.9072     0.9142     0.91973333
 0.92353333 0.9266    ]
alpha0.9 (snr=1.5)
	path-0 , [0.20566667 0.34043333 0.44656667 0.53493333 0.60996667 0.67153333
 0.72456667 0.76616667 0.80153333 0.8305     0.85273333 0.87153333
 0.88696667 0.89903333 0.9086     0.9153     0.9198     0.9236
 0.927      0.92906667]
	path-1 , [0.20583333 0.3367     0.439      0.52103333 0.59356667 0.65413333
 0.7074     0.7525     0.78966667 0.8202     0.84476667 0.864
 0.8818     0.89373333 0.90323333 0.91096667 0.9175     0.922
 0.9258     0.9284    ]
	path-2 , [0.20526667 0.33393333 0.43396667 0.51223333 0.58463333 0.64586667
 0.70013333 0.7443     0.78376667 0.81323333 0.83756667 0.8584
 0.87476667 0.88866667 0.89833333 0.90743333 0.91506667 0.92066667
 0.92473333 0.9274    ]
	path-3 , [0.20066667 0.32926667 0.42826667 0.51       0.5795     0.63816667
 0.6912     0.73586667 0.77246667 0.80536667 0.83183333 0.85466667
 0.87223333 0.88513333 0.89666667 0.90573333 0.91293333 0.919
 0.92326667 0.92643333]
	path-4 , [0.20726667 0.33516667 0.43046667 0.5068     0.57623333 0.63566667
 0.6878     0.73286667 0.772      0.80353333 0.8308     0.8522
 0.87083333 0.88636667 0.89783333 0.906      0.91336667 0.91863333
 0.92356667 0.92683333]
	path-5 , [0.20183333 0.32873333 0.42726667 0.5045     0.57453333 0.63346667
 0.68263333 0.72546667 0.7655     0.7974     0.82573333 0.84723333
 0.8664     0.8819     0.89413333 0.90416667 0.91213333 0.91776667
 0.92206667 0.92603333]
	path-6 , [0.20146667 0.32836667 0.42443333 0.5041     0.57163333 0.62893333
 0.67763333 0.72213333 0.7604     0.7951     0.82316667 0.84513333
 0.86463333 0.8807     0.8934     0.9026     0.9106     0.91736667
 0.92233333 0.9261    ]
	path-7 , [0.20343333 0.32843333 0.42496667 0.501      0.5682     0.62436667
 0.6775     0.71986667 0.7592     0.79043333 0.8195     0.8441
 0.86466667 0.87973333 0.89243333 0.90226667 0.9102     0.91653333
 0.92086667 0.925     ]
path_index = 0
	ranking_index = [15, 23, 27, 29, 39, 30, 43, 84, 97, 71, 45, 88, 51, 75, 98, 46, 83, 77, 100, 53]
	ranking_prob = [0.42144896502498214, 0.2135617416131335, 0.09853675945753033, 0.050392576730906496, 0.047715917201998574, 0.02555317630264097, 0.020842255531763026, 0.019450392576730906, 0.014917915774446823, 0.014168451106352606, 0.012419700214132762, 0.009421841541755889, 0.007566024268379728, 0.007530335474660956, 0.0074589578872234115, 0.004532476802284083, 0.004282655246252677, 0.0038900785153461815, 0.0034618129907209136, 0.0032833690221270523]
path_index = 1
	ranking_index = [15, 23, 27, 29, 39, 30, 84, 43, 71, 97, 45, 88, 75, 51, 98, 46, 77, 83, 53, 100]
	ranking_prob = [0.4225910064239829, 0.21370449678800857, 0.10017844396859386, 0.05017844396859386, 0.04796573875802998, 0.024660956459671663, 0.020521056388294077, 0.020164168451106353, 0.015203426124197002, 0.012919343326195574, 0.012027123483226267, 0.009493219129193433, 0.0074232690935046395, 0.0067451820128479655, 0.005745895788722341, 0.004710920770877944, 0.004532476802284083, 0.004211277658815132, 0.0037116345467523197, 0.0032833690221270523]
path_index = 2
	ranking_index = [15, 23, 27, 29, 39, 30, 43, 84, 71, 45, 97, 88, 51, 75, 98, 46, 77, 83, 53, 100]
	ranking_prob = [0.4201641684511064, 0.21313347608850822, 0.10096359743040685, 0.05124910778015703, 0.047109207708779445, 0.026052819414703783, 0.02169878658101356, 0.01998572448251249, 0.014810849393290507, 0.012526766595289078, 0.012027123483226267, 0.009528907922912206, 0.007780157030692363, 0.0074232690935046395, 0.006209850107066381, 0.004354032833690221, 0.004139900071377587, 0.004139900071377587, 0.003533190578158458, 0.003069236259814418]
path_index = 3
	ranking_index = [15, 23, 27, 29, 39, 30, 43, 84, 71, 45, 97, 88, 75, 51, 98, 46, 77, 83, 53, 100]
	ranking_prob = [0.42037830121341896, 0.2126338329764454, 0.10228408279800143, 0.05121341898643826, 0.04693076374018558, 0.026088508208422557, 0.02091363311920057, 0.02012847965738758, 0.015524625267665952, 0.011777301927194861, 0.010778015703069237, 0.009136331192005711, 0.007637401855817273, 0.007530335474660956, 0.006067094932191292, 0.004925053533190578, 0.004425410421127766, 0.004389721627408994, 0.003747323340471092, 0.0029621698786581013]
path_index = 4
	ranking_index = [15, 23, 27, 29, 39, 30, 43, 84, 71, 45, 97, 88, 75, 51, 98, 77, 83, 46, 53, 100]
	ranking_prob = [0.41823697359029266, 0.21823697359029265, 0.10135617416131334, 0.051177730192719484, 0.047180585296216986, 0.024946466809421843, 0.021163454675231976, 0.020985010706638114, 0.015132048536759457, 0.012812276945039258, 0.010528194147037831, 0.00895788722341185, 0.007494646680942184, 0.0067451820128479655, 0.005817273376159886, 0.0045681655960028555, 0.004389721627408994, 0.004318344039971449, 0.003426124197002141, 0.0021770164168451104]
path_index = 5
	ranking_index = [15, 23, 27, 29, 39, 30, 84, 43, 71, 45, 97, 88, 75, 51, 98, 77, 46, 83, 53, 100]
	ranking_prob = [0.42005710206995006, 0.21420413990007137, 0.10060670949321913, 0.05021413276231263, 0.04735902926481085, 0.026124197002141327, 0.021448965024982156, 0.021341898643825838, 0.015453247680228408, 0.01270521056388294, 0.010278372591006424, 0.009207708779443255, 0.007673090649536046, 0.007173447537473234, 0.005389007851534618, 0.00510349750178444, 0.004996431120628123, 0.004139900071377587, 0.003747323340471092, 0.0024982155603140615]
path_index = 6
	ranking_index = [15, 23, 27, 29, 39, 30, 43, 84, 71, 45, 97, 88, 75, 51, 98, 83, 77, 46, 53, 100]
	ranking_prob = [0.42044967880085654, 0.21616702355460385, 0.10042826552462526, 0.05149892933618844, 0.04800142755174875, 0.025910064239828695, 0.02073518915060671, 0.019950035688793718, 0.015453247680228408, 0.012812276945039258, 0.010456816559600285, 0.008850820842255532, 0.007887223411848679, 0.007102069950035689, 0.004925053533190578, 0.004425410421127766, 0.004389721627408994, 0.004318344039971449, 0.003854389721627409, 0.0021770164168451104]
path_index = 7
	ranking_index = [15, 23, 27, 29, 39, 30, 43, 84, 71, 45, 97, 88, 51, 75, 98, 83, 46, 77, 53, 100]
	ranking_prob = [0.4224482512491078, 0.21363311920057101, 0.10049964311206282, 0.050356887937187726, 0.04900071377587437, 0.02541042112776588, 0.020378301213418985, 0.020378301213418985, 0.015703069236259814, 0.013240542469664525, 0.010528194147037831, 0.009279086366880799, 0.007066381156316916, 0.007030692362598144, 0.0059957173447537475, 0.004853675945753033, 0.004746609564596716, 0.004211277658815132, 0.0036402569593147753, 0.0020699500356887936]
alpha0.1 (snr=2.0)
	path-0 , [0.39026667 0.5987     0.69936667 0.7542     0.78856667 0.81736667
 0.8339     0.84293333 0.8482     0.8531     0.85716667 0.861
 0.86473333 0.86853333 0.87246667 0.87593333 0.87873333 0.88166667
 0.88483333 0.88836667]
	path-1 , [0.39163333 0.602      0.70216667 0.75523333 0.7897     0.81726667
 0.83493333 0.84383333 0.849      0.8536     0.8579     0.86203333
 0.86623333 0.87083333 0.874      0.87786667 0.881      0.88423333
 0.8879     0.8912    ]
	path-2 , [0.3903     0.59983333 0.7025     0.7558     0.7907     0.81826667
 0.83523333 0.84453333 0.8502     0.85506667 0.85913333 0.86316667
 0.8667     0.871      0.87426667 0.87796667 0.88123333 0.8844
 0.888      0.8917    ]
	path-3 , [0.392      0.6013     0.70256667 0.7567     0.79106667 0.81936667
 0.83676667 0.8457     0.85103333 0.85536667 0.85923333 0.86276667
 0.8668     0.87123333 0.8752     0.87916667 0.88223333 0.8853
 0.8885     0.8926    ]
	path-4 , [0.39323333 0.60186667 0.70286667 0.75516667 0.79016667 0.81816667
 0.8352     0.8443     0.85       0.85453333 0.8588     0.86276667
 0.86746667 0.87206667 0.87606667 0.88       0.88323333 0.8866
 0.88996667 0.8933    ]
	path-5 , [0.39123333 0.59996667 0.70236667 0.75663333 0.79143333 0.82033333
 0.83676667 0.84633333 0.85106667 0.8553     0.85966667 0.86416667
 0.86836667 0.87266667 0.87643333 0.88043333 0.88336667 0.88623333
 0.8897     0.89346667]
	path-6 , [0.39       0.60303333 0.70373333 0.7568     0.79046667 0.82023333
 0.83703333 0.84666667 0.85186667 0.85643333 0.86086667 0.8651
 0.86973333 0.87386667 0.8777     0.8818     0.88516667 0.8892
 0.8929     0.89686667]
	path-7 , [0.39183333 0.6035     0.70236667 0.75536667 0.79093333 0.81953333
 0.83666667 0.84603333 0.85123333 0.85586667 0.8605     0.8648
 0.8684     0.8725     0.87626667 0.88066667 0.8833     0.88683333
 0.89016667 0.894     ]
alpha0.2 (snr=2.0)
	path-0 , [0.3616     0.57926667 0.6987     0.7647     0.8064     0.83223333
 0.85       0.86296667 0.8729     0.8805     0.8876     0.8928
 0.8977     0.90233333 0.90626667 0.9094     0.91276667 0.9153
 0.9177     0.92006667]
	path-1 , [0.36386667 0.58106667 0.7002     0.7649     0.80576667 0.83113333
 0.85063333 0.86443333 0.8751     0.88316667 0.8908     0.89663333
 0.9013     0.90563333 0.90953333 0.91246667 0.9156     0.91786667
 0.92003333 0.92183333]
	path-2 , [0.3629     0.58116667 0.7007     0.76636667 0.80776667 0.83396667
 0.85193333 0.86506667 0.87553333 0.88403333 0.8914     0.8966
 0.90223333 0.90673333 0.91023333 0.91393333 0.91746667 0.91983333
 0.922      0.9236    ]
	path-3 , [0.36323333 0.58173333 0.7019     0.76636667 0.80833333 0.8359
 0.85296667 0.86583333 0.87613333 0.8847     0.8923     0.8978
 0.90273333 0.90716667 0.9108     0.9139     0.91686667 0.91943333
 0.92206667 0.92406667]
	path-4 , [0.36463333 0.5815     0.702      0.76593333 0.80816667 0.83406667
 0.85243333 0.86563333 0.87663333 0.8852     0.8924     0.89743333
 0.90296667 0.90763333 0.91143333 0.91466667 0.91803333 0.9205
 0.9224     0.92376667]
	path-5 , [0.36443333 0.58273333 0.70296667 0.76713333 0.8091     0.8359
 0.85383333 0.8653     0.87563333 0.88423333 0.8906     0.89676667
 0.90256667 0.90753333 0.91126667 0.91476667 0.918      0.92003333
 0.9224     0.92423333]
	path-6 , [0.36373333 0.58326667 0.70226667 0.7667     0.80923333 0.83526667
 0.85476667 0.86843333 0.87883333 0.88676667 0.8939     0.89946667
 0.90483333 0.90946667 0.9129     0.91636667 0.91903333 0.92133333
 0.92336667 0.9252    ]
	path-7 , [0.3642     0.58483333 0.70163333 0.76596667 0.808      0.83463333
 0.8535     0.8667     0.8768     0.88503333 0.89193333 0.8973
 0.9032     0.90746667 0.9114     0.9156     0.91913333 0.92113333
 0.9229     0.92493333]
alpha0.30000000000000004 (snr=2.0)
	path-0 , [0.3324     0.53883333 0.67056667 0.74853333 0.79993333 0.8344
 0.85866667 0.87526667 0.88726667 0.89676667 0.90363333 0.90936667
 0.91413333 0.9174     0.92063333 0.92346667 0.92576667 0.9273
 0.9286     0.9295    ]
	path-1 , [0.33396667 0.54106667 0.67156667 0.7506     0.80006667 0.8354
 0.86023333 0.87756667 0.8898     0.8994     0.90666667 0.91216667
 0.91643333 0.91983333 0.92303333 0.92523333 0.92713333 0.92843333
 0.92943333 0.93033333]
	path-2 , [0.334      0.54026667 0.67186667 0.7514     0.803      0.83766667
 0.86186667 0.87883333 0.88996667 0.9003     0.9077     0.91293333
 0.91693333 0.921      0.92346667 0.92563333 0.9274     0.92876667
 0.92993333 0.93043333]
	path-3 , [0.33246667 0.5406     0.67236667 0.75076667 0.8026     0.83876667
 0.8623     0.87883333 0.8909     0.90016667 0.90836667 0.9138
 0.9177     0.92106667 0.9236     0.92613333 0.92793333 0.92906667
 0.93003333 0.9306    ]
	path-4 , [0.33296667 0.53913333 0.67173333 0.75163333 0.80166667 0.83663333
 0.8612     0.8788     0.89083333 0.90043333 0.90753333 0.91356667
 0.91733333 0.9208     0.92393333 0.9258     0.928      0.92903333
 0.92976667 0.93066667]
	path-5 , [0.33433333 0.5427     0.67256667 0.75063333 0.80233333 0.8376
 0.8615     0.87776667 0.89003333 0.90013333 0.9079     0.9138
 0.91756667 0.9213     0.9242     0.9264     0.92823333 0.92956667
 0.9302     0.9309    ]
	path-6 , [0.3351     0.54233333 0.67206667 0.75196667 0.8019     0.83816667
 0.8633     0.8806     0.89263333 0.90183333 0.90933333 0.91496667
 0.91906667 0.92253333 0.9253     0.9268     0.9283     0.92946667
 0.93053333 0.93113333]
	path-7 , [0.33466667 0.54243333 0.67266667 0.7513     0.80216667 0.83806667
 0.86356667 0.87983333 0.89253333 0.90123333 0.9086     0.91403333
 0.91846667 0.92213333 0.92473333 0.9269     0.9287     0.9299
 0.93076667 0.93136667]
alpha0.4 (snr=2.0)
	path-0 , [0.29913333 0.4912     0.6208     0.7077     0.76766667 0.81053333
 0.8428     0.8648     0.8818     0.8945     0.90396667 0.91123333
 0.91746667 0.92133333 0.92486667 0.92726667 0.9287     0.9299
 0.9306     0.9312    ]
	path-1 , [0.299      0.49393333 0.62096667 0.70923333 0.769      0.811
 0.84353333 0.86423333 0.8811     0.89433333 0.90383333 0.91176667
 0.91776667 0.92253333 0.92566667 0.92826667 0.92936667 0.9303
 0.93083333 0.93143333]
	path-2 , [0.30003333 0.4944     0.62283333 0.71016667 0.77003333 0.81223333
 0.8427     0.865      0.8832     0.89556667 0.9042     0.91206667
 0.9185     0.92233333 0.92503333 0.9275     0.92916667 0.9302
 0.93076667 0.93116667]
	path-3 , [0.2995     0.49176667 0.62176667 0.70943333 0.76936667 0.81263333
 0.8432     0.86543333 0.8814     0.89483333 0.90463333 0.91226667
 0.91823333 0.9226     0.92513333 0.92796667 0.92946667 0.93036667
 0.9311     0.9316    ]
	path-4 , [0.29843333 0.4901     0.62086667 0.7086     0.76823333 0.81196667
 0.8428     0.86393333 0.88083333 0.89416667 0.904      0.9124
 0.91773333 0.92176667 0.92486667 0.92743333 0.92896667 0.92993333
 0.93066667 0.9313    ]
	path-5 , [0.29946667 0.49383333 0.62083333 0.70926667 0.76836667 0.81083333
 0.8414     0.8637     0.88073333 0.89366667 0.90413333 0.912
 0.91783333 0.92216667 0.9249     0.9272     0.9291     0.92996667
 0.93073333 0.93113333]
	path-6 , [0.30103333 0.49366667 0.623      0.71133333 0.7701     0.81126667
 0.84203333 0.86496667 0.88133333 0.89423333 0.9035     0.9121
 0.91793333 0.9219     0.92536667 0.92776667 0.92936667 0.93006667
 0.93076667 0.9312    ]
	path-7 , [0.30196667 0.49403333 0.6221     0.71073333 0.76973333 0.812
 0.84263333 0.86506667 0.88113333 0.89383333 0.90406667 0.91163333
 0.91773333 0.92193333 0.9254     0.92776667 0.92933333 0.93026667
 0.931      0.9314    ]
alpha0.5 (snr=2.0)
	path-0 , [0.27046667 0.4464     0.5687     0.657      0.72446667 0.7738
 0.81293333 0.84246667 0.8649     0.88106667 0.89456667 0.90456667
 0.912      0.9183     0.92326667 0.92586667 0.92796667 0.92926667
 0.93033333 0.931     ]
	path-1 , [0.26893333 0.4461     0.56716667 0.6553     0.72       0.7706
 0.8096     0.83813333 0.86166667 0.87853333 0.8917     0.90193333
 0.9106     0.91666667 0.92156667 0.92526667 0.92756667 0.9294
 0.93036667 0.931     ]
	path-2 , [0.26956667 0.4466     0.56896667 0.65593333 0.7224     0.77006667
 0.807      0.83563333 0.8586     0.87626667 0.89153333 0.90183333
 0.90973333 0.91653333 0.9212     0.9248     0.9268     0.92863333
 0.92973333 0.93043333]
	path-3 , [0.26993333 0.4463     0.56826667 0.65403333 0.7191     0.76803333
 0.80646667 0.83373333 0.85703333 0.87616667 0.89023333 0.9013
 0.90996667 0.9162     0.92063333 0.92433333 0.9271     0.92903333
 0.93006667 0.9308    ]
	path-4 , [0.26836667 0.44386667 0.5681     0.65216667 0.71793333 0.76726667
 0.80553333 0.83393333 0.85513333 0.87396667 0.88893333 0.8998
 0.90873333 0.91543333 0.9204     0.9238     0.92623333 0.92826667
 0.92993333 0.93056667]
	path-5 , [0.27066667 0.44743333 0.56726667 0.6531     0.7179     0.76663333
 0.80406667 0.8327     0.8554     0.87293333 0.88786667 0.89893333
 0.9079     0.915      0.91996667 0.9241     0.9263     0.92806667
 0.92963333 0.93036667]
	path-6 , [0.27126667 0.44536667 0.56813333 0.6526     0.7193     0.76633333
 0.80273333 0.8313     0.8539     0.8727     0.88663333 0.89793333
 0.90726667 0.91413333 0.91966667 0.9234     0.92613333 0.92793333
 0.92956667 0.9306    ]
	path-7 , [0.2723     0.44643333 0.56646667 0.65406667 0.71923333 0.76783333
 0.8045     0.83056667 0.85416667 0.87186667 0.88683333 0.89843333
 0.907      0.91426667 0.91943333 0.92336667 0.92613333 0.92816667
 0.92983333 0.93056667]
alpha0.6 (snr=2.0)
	path-0 , [0.24943333 0.4048     0.52363333 0.61363333 0.6839     0.73716667
 0.78056667 0.81593333 0.84323333 0.86443333 0.88103333 0.89416667
 0.9044     0.91246667 0.9183     0.9221     0.92536667 0.9279
 0.92923333 0.93036667]
	path-1 , [0.24576667 0.4019     0.51713333 0.60686667 0.67383333 0.72856667
 0.7726     0.80906667 0.83673333 0.8594     0.87593333 0.8897
 0.90043333 0.9081     0.91543333 0.92033333 0.92416667 0.92676667
 0.92876667 0.92986667]
	path-2 , [0.24853333 0.40343333 0.5179     0.60666667 0.6711     0.72436667
 0.76703333 0.8024     0.8316     0.8552     0.873      0.88736667
 0.8987     0.90786667 0.91473333 0.92       0.92323333 0.92603333
 0.92813333 0.92956667]
	path-3 , [0.24733333 0.40323333 0.51653333 0.60446667 0.6704     0.72153333
 0.76576667 0.8015     0.8282     0.8519     0.8709     0.88546667
 0.89776667 0.90656667 0.91346667 0.9191     0.92303333 0.9259
 0.92816667 0.92966667]
	path-4 , [0.2469     0.4008     0.51433333 0.60206667 0.66713333 0.7179
 0.7637     0.79853333 0.8263     0.84953333 0.8696     0.88403333
 0.89573333 0.90463333 0.91273333 0.91846667 0.9226     0.92543333
 0.92736667 0.92923333]
	path-5 , [0.2484     0.4035     0.51486667 0.60053333 0.66743333 0.72046667
 0.76326667 0.79733333 0.82433333 0.84883333 0.86746667 0.88213333
 0.89446667 0.90396667 0.9116     0.9181     0.92206667 0.92536667
 0.92746667 0.9291    ]
	path-6 , [0.24806667 0.40136667 0.51633333 0.60136667 0.6668     0.718
 0.7606     0.79336667 0.82306667 0.84596667 0.86613333 0.88056667
 0.89356667 0.90306667 0.91073333 0.91716667 0.92136667 0.9252
 0.92756667 0.9291    ]
	path-7 , [0.2495     0.40333333 0.51563333 0.60053333 0.66573333 0.71816667
 0.75956667 0.79456667 0.8213     0.8457     0.8646     0.8806
 0.89283333 0.9016     0.90926667 0.9165     0.9213     0.92483333
 0.92733333 0.9289    ]
alpha0.7000000000000001 (snr=2.0)
	path-0 , [0.23003333 0.37276667 0.4859     0.5764     0.64916667 0.70863333
 0.75473333 0.79293333 0.82426667 0.8493     0.8688     0.88413333
 0.89606667 0.9052     0.91303333 0.91846667 0.9227     0.92586667
 0.92786667 0.92943333]
	path-1 , [0.225      0.36726667 0.47436667 0.56376667 0.63456667 0.6946
 0.7422     0.7824     0.8153     0.84196667 0.86196667 0.8776
 0.89053333 0.90013333 0.9087     0.91586667 0.9206     0.92416667
 0.92663333 0.92863333]
	path-2 , [0.2288     0.36926667 0.47363333 0.56063333 0.62836667 0.68686667
 0.7343     0.7745     0.80736667 0.83476667 0.8569     0.87573333
 0.8884     0.89873333 0.90753333 0.91466667 0.9198     0.92323333
 0.9262     0.9281    ]
	path-3 , [0.2274     0.36693333 0.4725     0.55853333 0.62653333 0.6841
 0.73093333 0.76986667 0.80283333 0.82973333 0.85303333 0.87146667
 0.88573333 0.89736667 0.90626667 0.9136     0.91883333 0.92333333
 0.926      0.92813333]
	path-4 , [0.22716667 0.3645     0.46986667 0.55516667 0.62346667 0.679
 0.7265     0.7668     0.79993333 0.82716667 0.84956667 0.8689
 0.88366667 0.89463333 0.9046     0.91253333 0.91823333 0.92243333
 0.92536667 0.92783333]
	path-5 , [0.2272     0.36613333 0.4708     0.55336667 0.62156667 0.67846667
 0.72656667 0.76473333 0.79663333 0.8245     0.84796667 0.8673
 0.88246667 0.8935     0.90336667 0.91166667 0.91796667 0.922
 0.9251     0.92733333]
	path-6 , [0.22686667 0.36436667 0.46926667 0.55443333 0.62106667 0.6769
 0.72273333 0.76116667 0.79303333 0.8207     0.84523333 0.86483333
 0.88076667 0.89233333 0.90296667 0.91046667 0.91673333 0.9217
 0.9253     0.92753333]
	path-7 , [0.22823333 0.36736667 0.47103333 0.551      0.61896667 0.6746
 0.71996667 0.7584     0.79213333 0.8214     0.84503333 0.86433333
 0.87913333 0.89103333 0.90096667 0.90933333 0.9158     0.92116667
 0.92493333 0.92726667]
alpha0.8 (snr=2.0)
	path-0 , [0.21306667 0.34746667 0.45573333 0.5463     0.622      0.68393333
 0.7333     0.7754     0.80906667 0.83603333 0.85863333 0.87523333
 0.88993333 0.90006667 0.9084     0.91543333 0.92036667 0.9242
 0.92676667 0.92853333]
	path-1 , [0.2073     0.33943333 0.44336667 0.5289     0.60256667 0.66603333
 0.71816667 0.76126667 0.79766667 0.82686667 0.85003333 0.8685
 0.88323333 0.89386667 0.90383333 0.91156667 0.91706667 0.92186667
 0.925      0.92753333]
	path-2 , [0.2113     0.34023333 0.44006667 0.52496667 0.59536667 0.65676667
 0.70766667 0.75233333 0.7879     0.81746667 0.8431     0.86453333
 0.88016667 0.89136667 0.90176667 0.91       0.9164     0.921
 0.9244     0.9271    ]
	path-3 , [0.21056667 0.3385     0.43903333 0.52043333 0.5903     0.65313333
 0.7035     0.74436667 0.7822     0.8121     0.8385     0.85903333
 0.87606667 0.88893333 0.9001     0.90846667 0.9152     0.92036667
 0.924      0.92693333]
	path-4 , [0.20946667 0.33526667 0.4343     0.51776667 0.58713333 0.6462
 0.697      0.73976667 0.7776     0.8091     0.83516667 0.85603333
 0.87296667 0.88693333 0.89753333 0.9074     0.91456667 0.91993333
 0.92346667 0.9265    ]
	path-5 , [0.20766667 0.33513333 0.4355     0.51526667 0.58396667 0.64553333
 0.69473333 0.73746667 0.77486667 0.80526667 0.8317     0.8539
 0.87103333 0.88563333 0.89703333 0.90593333 0.9136     0.91893333
 0.92316667 0.92563333]
	path-6 , [0.20826667 0.3358     0.43383333 0.51463333 0.5827     0.64153333
 0.69163333 0.7328     0.77       0.80073333 0.82716667 0.85026667
 0.86876667 0.8844     0.89546667 0.90496667 0.91226667 0.9177
 0.92236667 0.92596667]
	path-7 , [0.21053333 0.3385     0.4339     0.51283333 0.57963333 0.63913333
 0.68816667 0.72976667 0.76743333 0.80006667 0.82753333 0.85066667
 0.86733333 0.88253333 0.89373333 0.90343333 0.91133333 0.91733333
 0.9224     0.925     ]
alpha0.9 (snr=2.0)
	path-0 , [0.19933333 0.3271     0.4316     0.5228     0.6007     0.6652
 0.71726667 0.76053333 0.7969     0.8254     0.85003333 0.8691
 0.8841     0.8955     0.90456667 0.9126     0.9181     0.923
 0.9257     0.9278    ]
	path-1 , [0.19333333 0.31736667 0.41623333 0.50126667 0.57773333 0.6437
 0.69886667 0.74503333 0.78363333 0.81373333 0.83933333 0.85933333
 0.87706667 0.8893     0.8994     0.9084     0.9148     0.91976667
 0.92373333 0.9266    ]
	path-2 , [0.19603333 0.3189     0.41303333 0.49613333 0.568      0.63276667
 0.6877     0.73463333 0.7725     0.8049     0.8316     0.85423333
 0.87326667 0.8856     0.89636667 0.90623333 0.91353333 0.9187
 0.923      0.926     ]
	path-3 , [0.19546667 0.31446667 0.41006667 0.4903     0.56276667 0.6261
 0.68116667 0.72476667 0.76553333 0.79793333 0.8255     0.84863333
 0.86816667 0.8822     0.89526667 0.90473333 0.91226667 0.91783333
 0.9219     0.92553333]
	path-4 , [0.1934     0.3131     0.40653333 0.4886     0.55933333 0.6201
 0.67436667 0.72026667 0.75966667 0.79376667 0.8226     0.84516667
 0.8645     0.8802     0.8923     0.90263333 0.91133333 0.91766667
 0.9217     0.92516667]
	path-5 , [0.19226667 0.31063333 0.40403333 0.48536667 0.5542     0.6175
 0.67183333 0.71703333 0.75556667 0.78996667 0.81883333 0.8426
 0.86193333 0.87856667 0.8909     0.90116667 0.90996667 0.9164
 0.92146667 0.9244    ]
	path-6 , [0.1932     0.31106667 0.40296667 0.484      0.55356667 0.61306667
 0.66746667 0.711      0.751      0.785      0.81353333 0.83873333
 0.8589     0.87566667 0.8894     0.90003333 0.90813333 0.91533333
 0.92036667 0.92433333]
	path-7 , [0.19433333 0.31366667 0.4051     0.48086667 0.54776667 0.60993333
 0.66203333 0.70766667 0.7476     0.78166667 0.81236667 0.83926667
 0.85866667 0.8748     0.88776667 0.89873333 0.90756667 0.91453333
 0.9202     0.92353333]
path_index = 0
	ranking_index = [15, 23, 27, 29, 39, 30, 43, 84, 97, 71, 45, 88, 98, 51, 75, 100, 77, 46, 53, 83]
	ranking_prob = [0.42241286863270777, 0.21726541554959786, 0.1047721179624665, 0.05519213583556747, 0.047220732797140307, 0.027274352100089366, 0.018588025022341376, 0.017229669347631815, 0.014119749776586237, 0.01190348525469169, 0.010259159964253799, 0.0090437890974084, 0.007685433422698838, 0.006577301161751564, 0.005683646112600536, 0.004253798033958892, 0.0038963360142984806, 0.0037890974084003573, 0.0028954423592493297, 0.0028239499553172477]
path_index = 1
	ranking_index = [15, 23, 27, 29, 39, 30, 43, 84, 97, 71, 45, 88, 51, 98, 75, 46, 100, 83, 77, 53]
	ranking_prob = [0.42369973190348525, 0.2209472743521001, 0.10323503127792671, 0.053762287756925826, 0.046005361930294905, 0.026237712243074172, 0.019588918677390526, 0.018337801608579087, 0.012725647899910635, 0.01254691689008043, 0.010759606791778373, 0.008328865058087578, 0.006362823949955318, 0.006219839142091153, 0.006041108132260947, 0.004110813226094728, 0.0033958891867739054, 0.003360142984807864, 0.003252904378909741, 0.0028596961572832885]
path_index = 2
	ranking_index = [15, 23, 27, 29, 39, 30, 84, 43, 71, 45, 97, 88, 51, 98, 75, 46, 83, 77, 53, 100]
	ranking_prob = [0.42384271671134943, 0.21858802502234137, 0.10570151921358356, 0.053118856121537085, 0.04618409294012511, 0.027310098302055406, 0.019767649687220733, 0.018480786416443254, 0.013083109919571045, 0.01129579982126899, 0.011188561215370867, 0.008543342269883824, 0.0065415549597855225, 0.006219839142091153, 0.0058266309204647, 0.003932082216264522, 0.0034673815907059874, 0.0033958891867739054, 0.0028596961572832885, 0.0028596961572832885]
path_index = 3
	ranking_index = [15, 23, 27, 29, 39, 30, 43, 84, 71, 97, 45, 88, 51, 98, 75, 77, 46, 83, 100, 53]
	ranking_prob = [0.4247006255585344, 0.21901697944593387, 0.10398570151921359, 0.05490616621983914, 0.04618409294012511, 0.02641644325290438, 0.02001787310098302, 0.019159964253798033, 0.011867739052725647, 0.011581769436997319, 0.010688114387846292, 0.008829311885612154, 0.006362823949955318, 0.006291331546023235, 0.006041108132260947, 0.004075067024128686, 0.00386058981233244, 0.0031456657730116176, 0.002752457551385165, 0.0027167113494191244]
path_index = 4
	ranking_index = [15, 23, 27, 29, 39, 30, 43, 84, 71, 45, 97, 88, 51, 75, 98, 77, 46, 53, 83, 100]
	ranking_prob = [0.4258087578194817, 0.21844504021447722, 0.10473637176050045, 0.05265415549597855, 0.045326184092940126, 0.027059874888293117, 0.019481680071492403, 0.018659517426273458, 0.013512064343163538, 0.01129579982126899, 0.010437890974084003, 0.008865058087578195, 0.006720285969615728, 0.006184092940125112, 0.0057908847184986595, 0.004003574620196604, 0.0035746201966041107, 0.003181411974977659, 0.0031456657730116176, 0.003074173369079535]
path_index = 5
	ranking_index = [15, 23, 27, 29, 39, 30, 43, 84, 71, 45, 97, 88, 75, 51, 98, 77, 46, 53, 83, 100]
	ranking_prob = [0.42305630026809654, 0.21890974084003575, 0.10613047363717605, 0.054119749776586235, 0.04629133154602323, 0.02748882931188561, 0.01937444146559428, 0.017944593386952635, 0.013476318141197497, 0.010759606791778373, 0.010652368185880251, 0.009615728328865059, 0.0065415549597855225, 0.0057908847184986595, 0.004932975871313673, 0.004182305630026809, 0.003610366398570152, 0.0031456657730116176, 0.0027882037533512065, 0.002752457551385165]
path_index = 6
	ranking_index = [15, 23, 27, 29, 39, 30, 43, 84, 71, 45, 97, 88, 75, 51, 98, 77, 83, 46, 53, 100]
	ranking_prob = [0.42205540661304736, 0.22298480786416444, 0.10427167113494192, 0.05322609472743521, 0.04779267202859696, 0.02648793565683646, 0.01908847184986595, 0.018480786416443254, 0.01390527256478999, 0.011081322609472744, 0.008972296693476317, 0.008579088471849867, 0.007184986595174263, 0.0065415549597855225, 0.005361930294906166, 0.0037890974084003573, 0.0037890974084003573, 0.0035388739946380695, 0.002752457551385165, 0.0022162645218945488]
path_index = 7
	ranking_index = [15, 23, 27, 29, 39, 30, 43, 84, 71, 45, 97, 88, 51, 75, 98, 77, 46, 83, 53, 100]
	ranking_prob = [0.42409294012511173, 0.22012511170688115, 0.10355674709562109, 0.053762287756925826, 0.04647006255585344, 0.02802502234137623, 0.018838248436103665, 0.01873100983020554, 0.013011617515638963, 0.0116532618409294, 0.010151921358355675, 0.008900804289544236, 0.006434316353887399, 0.006112600536193029, 0.0051831992850759605, 0.004003574620196604, 0.0037890974084003573, 0.0037176050044682753, 0.0028596961572832885, 0.002752457551385165]