PAC(128-71)
L = 8
T = 0  Error Count = 5000
Rate-profile = rm-polar
design SNR = 3
Convolution poly = , [1 0 1 1 0 1 1]
CRC index = [15, 31, 47, 63, 79, 95, 111, 127] , CRC = 0 bits
Frozen-check = , [84, 88, 97, 98, 100, 104, 112] , Frozen-check = 7 bits
Mismatch = [84, 88, 97, 98, 100, 104, 112] , Mismatch-length = 0 , Mismatch-first = False
Enabling-Criterion =, Perfect
Running : AccuracyFlippath , 
Decoding starting Time : 2025-09-06 15-31-13
Running Time : 1391 min


SNR = [3.0, 3.5]
FER = [0.005028177298297297, 0.0008306042367625668]
average_decoding_attempt = [1.0, 1.0]
everyCriticalBit (snr=3.0)
	[[0.2776 0.5204 0.5204 0.7204 0.8132 0.8626 0.901  0.901  0.9202 0.9282
  0.9322 0.9322 0.934  0.9348 0.9348 0.9358 0.9358 0.9358 0.9358 0.9392]
 [0.2776 0.5204 0.5204 0.7204 0.8132 0.8626 0.901  0.901  0.9202 0.9282
  0.9322 0.9322 0.934  0.9348 0.9348 0.9358 0.9358 0.9358 0.9358 0.9392]
 [0.2776 0.5204 0.5204 0.7204 0.8132 0.8626 0.901  0.901  0.9202 0.9282
  0.9322 0.9322 0.934  0.9348 0.9348 0.9358 0.9358 0.9358 0.9358 0.9392]
 [0.2776 0.5204 0.5204 0.7204 0.8132 0.8626 0.901  0.901  0.9202 0.9282
  0.9322 0.9322 0.934  0.9348 0.9348 0.9358 0.9358 0.9358 0.9358 0.9392]
 [0.2776 0.5204 0.5204 0.7204 0.8132 0.8626 0.901  0.901  0.9202 0.9282
  0.9322 0.9322 0.934  0.9348 0.9348 0.9358 0.9358 0.9358 0.9358 0.9392]
 [0.2776 0.5204 0.5204 0.7204 0.8132 0.8626 0.901  0.901  0.9202 0.9282
  0.9322 0.9322 0.934  0.9348 0.9348 0.9358 0.9358 0.9358 0.9358 0.9392]
 [0.2776 0.5204 0.5204 0.7204 0.8132 0.8626 0.901  0.901  0.9202 0.9282
  0.9322 0.9322 0.934  0.9348 0.9348 0.9358 0.9358 0.9358 0.9358 0.9392]
 [0.2776 0.5204 0.5204 0.7204 0.8132 0.8626 0.901  0.901  0.9202 0.9282
  0.9322 0.9322 0.934  0.9348 0.9348 0.9358 0.9358 0.9358 0.9358 0.9392]]
everyCriticalBit (snr=3.5)
	[[0.309  0.5982 0.5984 0.7882 0.8608 0.9028 0.9324 0.9324 0.9424 0.9476
  0.9508 0.9508 0.9512 0.9518 0.9518 0.9526 0.9526 0.9526 0.9526 0.954 ]
 [0.309  0.5982 0.5984 0.7882 0.8608 0.9028 0.9324 0.9324 0.9424 0.9476
  0.9508 0.9508 0.9512 0.9518 0.9518 0.9526 0.9526 0.9526 0.9526 0.954 ]
 [0.309  0.5982 0.5984 0.7882 0.8608 0.9028 0.9324 0.9324 0.9424 0.9476
  0.9508 0.9508 0.9512 0.9518 0.9518 0.9526 0.9526 0.9526 0.9526 0.954 ]
 [0.309  0.5982 0.5984 0.7882 0.8608 0.9028 0.9324 0.9324 0.9424 0.9476
  0.9508 0.9508 0.9512 0.9518 0.9518 0.9526 0.9526 0.9526 0.9526 0.954 ]
 [0.309  0.5982 0.5984 0.7882 0.8608 0.9028 0.9324 0.9324 0.9424 0.9476
  0.9508 0.9508 0.9512 0.9518 0.9518 0.9526 0.9526 0.9526 0.9526 0.954 ]
 [0.309  0.5982 0.5984 0.7882 0.8608 0.9028 0.9324 0.9324 0.9424 0.9476
  0.9508 0.9508 0.9512 0.9518 0.9518 0.9526 0.9526 0.9526 0.9526 0.954 ]
 [0.309  0.5982 0.5984 0.7882 0.8608 0.9028 0.9324 0.9324 0.9424 0.9476
  0.9508 0.9508 0.9512 0.9518 0.9518 0.9526 0.9526 0.9526 0.9526 0.954 ]
 [0.309  0.5982 0.5984 0.7882 0.8608 0.9028 0.9324 0.9324 0.9424 0.9476
  0.9508 0.9508 0.9512 0.9518 0.9518 0.9526 0.9526 0.9526 0.9526 0.954 ]]