PAC(128-64)
L = 8
T = 0  Error Count = 1000
Rate-profile = rm-polar
design SNR = 3
Convolution poly = , [1 0 1 1 0 1 1]
CRC index = [15, 31, 47, 63, 79, 95, 111, 127] , CRC = 0 bits
Frozen-check = , [84, 88, 98, 100, 104, 112] , Frozen-check = 0 bits
Mismatch = [84, 88, 97, 98, 100, 104, 112] , Mismatch-length = 0 , Mismatch-first = False
Enabling-Criterion =, Perfect
Running : Enabling PMR ROC
Decoding starting Time : 2025-09-07 22-19-50
Running Time : 842 min


SNR = [1.0, 1.5, 2.0, 2.5, 3.0, 3.5]
FER = [0.27507557021159657, 0.14484155693821443, 0.058958652373660034, 0.019887153812532286, 0.004825259098577971, 0.0007507411787911492]
average_decoding_attempt = [1.0, 1.0, 1.0, 1.0, 1.0, 1.0]

snr = 1.0
	TPR       = [9.99000999e-04, 5.59440559e-02, 5.59440559e-02, 1.03896104e-01, 1.03896104e-01, 1.80819181e-01, 1.80819181e-01, 2.01798202e-01, 2.01798202e-01, 2.10789211e-01, 2.10789211e-01, 2.20779221e-01, 2.20779221e-01, 2.30769231e-01, 2.30769231e-01, 2.35764236e-01, 2.35764236e-01, 2.62737263e-01, 2.62737263e-01, 2.97702298e-01, 2.97702298e-01, 3.31668332e-01, 3.31668332e-01, 3.45654346e-01, 3.45654346e-01, 4.02597403e-01, 4.02597403e-01, 4.18581419e-01, 4.18581419e-01, 4.39560440e-01, 4.39560440e-01, 4.54545455e-01, 4.54545455e-01, 4.72527473e-01, 4.72527473e-01, 5.05494505e-01, 5.05494505e-01, 5.20479520e-01, 5.20479520e-01, 5.46453546e-01, 5.46453546e-01, 5.52447552e-01, 5.52447552e-01, 5.73426573e-01, 5.73426573e-01, 5.96403596e-01, 5.96403596e-01, 6.07392607e-01, 6.07392607e-01, 6.09390609e-01, 6.09390609e-01, 6.14385614e-01, 6.14385614e-01, 6.15384615e-01, 6.15384615e-01, 6.22377622e-01, 6.22377622e-01, 6.41358641e-01, 6.41358641e-01, 6.42357642e-01, 6.42357642e-01, 6.66333666e-01, 6.66333666e-01, 6.67332667e-01, 6.67332667e-01, 6.78321678e-01, 6.78321678e-01, 6.79320679e-01, 6.79320679e-01, 6.80319680e-01, 6.80319680e-01, 6.81318681e-01, 6.81318681e-01, 6.93306693e-01, 6.93306693e-01, 7.11288711e-01, 7.11288711e-01, 7.16283716e-01, 7.16283716e-01, 7.20279720e-01, 7.20279720e-01, 7.23276723e-01, 7.23276723e-01, 7.24275724e-01, 7.24275724e-01, 7.44255744e-01, 7.44255744e-01, 7.45254745e-01, 7.45254745e-01, 7.46253746e-01, 7.46253746e-01, 7.52247752e-01, 7.52247752e-01, 7.53246753e-01, 7.53246753e-01, 7.64235764e-01, 7.64235764e-01, 7.70229770e-01, 7.70229770e-01, 7.72227772e-01, 7.72227772e-01, 7.82217782e-01, 7.82217782e-01, 7.86213786e-01, 7.86213786e-01, 7.89210789e-01, 7.89210789e-01, 7.95204795e-01, 7.95204795e-01, 8.05194805e-01, 8.05194805e-01, 8.06193806e-01, 8.06193806e-01, 8.08191808e-01, 8.08191808e-01, 8.10189810e-01, 8.10189810e-01, 8.12187812e-01, 8.12187812e-01, 8.15184815e-01, 8.15184815e-01, 8.18181818e-01, 8.18181818e-01, 8.19180819e-01, 8.19180819e-01, 8.25174825e-01, 8.25174825e-01, 8.29170829e-01, 8.29170829e-01, 8.30169830e-01, 8.30169830e-01, 8.35164835e-01, 8.35164835e-01, 8.36163836e-01, 8.36163836e-01, 8.39160839e-01, 8.39160839e-01, 8.41158841e-01, 8.41158841e-01, 8.42157842e-01, 8.42157842e-01, 8.45154845e-01, 8.45154845e-01, 8.50149850e-01, 8.50149850e-01, 8.51148851e-01, 8.51148851e-01, 8.52147852e-01, 8.52147852e-01, 8.57142857e-01, 8.57142857e-01, 8.60139860e-01, 8.60139860e-01, 8.62137862e-01, 8.62137862e-01, 8.68131868e-01, 8.68131868e-01, 8.71128871e-01, 8.71128871e-01, 8.73126873e-01, 8.73126873e-01, 8.74125874e-01, 8.74125874e-01, 8.77122877e-01, 8.77122877e-01, 8.80119880e-01, 8.80119880e-01, 8.83116883e-01, 8.83116883e-01, 8.84115884e-01, 8.84115884e-01, 8.85114885e-01, 8.85114885e-01, 8.87112887e-01, 8.87112887e-01, 8.88111888e-01, 8.88111888e-01, 8.91108891e-01, 8.91108891e-01, 8.92107892e-01, 8.92107892e-01, 8.93106893e-01, 8.93106893e-01, 8.94105894e-01, 8.94105894e-01, 8.95104895e-01, 8.95104895e-01, 8.96103896e-01, 8.96103896e-01, 8.99100899e-01, 8.99100899e-01, 9.00099900e-01, 9.00099900e-01, 9.01098901e-01, 9.01098901e-01, 9.02097902e-01, 9.02097902e-01, 9.03096903e-01, 9.03096903e-01, 9.05094905e-01, 9.05094905e-01, 9.06093906e-01, 9.06093906e-01, 9.07092907e-01, 9.07092907e-01, 9.10089910e-01, 9.10089910e-01, 9.11088911e-01, 9.11088911e-01, 9.14085914e-01, 9.14085914e-01, 9.15084915e-01, 9.15084915e-01, 9.19080919e-01, 9.19080919e-01, 9.21078921e-01, 9.21078921e-01, 9.22077922e-01, 9.22077922e-01, 9.23076923e-01, 9.23076923e-01, 9.25074925e-01, 9.25074925e-01, 9.27072927e-01, 9.27072927e-01, 9.28071928e-01, 9.28071928e-01, 9.29070929e-01, 9.29070929e-01, 9.30069930e-01, 9.30069930e-01, 9.32067932e-01, 9.32067932e-01, 9.33066933e-01, 9.33066933e-01, 9.34065934e-01, 9.34065934e-01, 9.35064935e-01, 9.35064935e-01, 9.38061938e-01, 9.38061938e-01, 9.39060939e-01, 9.39060939e-01, 9.40059940e-01, 9.40059940e-01, 9.41058941e-01, 9.41058941e-01, 9.43056943e-01, 9.43056943e-01, 9.44055944e-01, 9.44055944e-01, 9.46053946e-01, 9.46053946e-01, 9.47052947e-01, 9.47052947e-01, 9.49050949e-01, 9.49050949e-01, 9.50049950e-01, 9.50049950e-01, 9.52047952e-01, 9.52047952e-01, 9.53046953e-01, 9.53046953e-01, 9.54045954e-01, 9.54045954e-01, 9.55044955e-01, 9.55044955e-01, 9.56043956e-01, 9.56043956e-01, 9.58041958e-01, 9.58041958e-01, 9.59040959e-01, 9.59040959e-01, 9.60039960e-01, 9.60039960e-01, 9.61038961e-01, 9.61038961e-01, 9.64035964e-01, 9.64035964e-01, 9.65034965e-01, 9.65034965e-01, 9.66033966e-01, 9.66033966e-01, 9.68031968e-01, 9.68031968e-01, 9.69030969e-01, 9.69030969e-01, 9.70029970e-01, 9.70029970e-01, 9.71028971e-01, 9.71028971e-01, 9.72027972e-01, 9.72027972e-01, 9.73026973e-01, 9.73026973e-01, 9.74025974e-01, 9.74025974e-01, 9.75024975e-01, 9.75024975e-01, 9.77022977e-01, 9.77022977e-01, 9.78021978e-01, 9.78021978e-01, 9.79020979e-01, 9.79020979e-01, 9.80019980e-01, 9.80019980e-01, 9.81018981e-01, 9.81018981e-01, 9.82017982e-01, 9.82017982e-01, 9.83016983e-01, 9.83016983e-01, 9.84015984e-01, 9.84015984e-01, 9.85014985e-01, 9.85014985e-01, 9.86013986e-01, 9.86013986e-01, 9.87012987e-01, 9.87012987e-01, 9.88011988e-01, 9.88011988e-01, 9.89010989e-01, 9.89010989e-01, 9.90009990e-01, 9.90009990e-01, 9.91008991e-01, 9.91008991e-01, 9.92007992e-01, 9.92007992e-01, 9.93006993e-01, 9.93006993e-01, 9.94005994e-01, 9.94005994e-01, 9.95004995e-01, 9.95004995e-01, 9.96003996e-01, 9.96003996e-01, 9.97002997e-01, 9.97002997e-01, 9.98001998e-01, 9.98001998e-01, 9.99000999e-01, 9.99000999e-01, 1.00000000e+00, 1.00000000e+00]
	FPR       = [0.00000000e+00, 0.00000000e+00, 3.79075057e-04, 3.79075057e-04, 7.58150114e-04, 7.58150114e-04, 1.13722517e-03, 1.13722517e-03, 1.51630023e-03, 1.51630023e-03, 1.89537528e-03, 1.89537528e-03, 2.27445034e-03, 2.27445034e-03, 2.65352540e-03, 2.65352540e-03, 3.03260045e-03, 3.03260045e-03, 3.41167551e-03, 3.41167551e-03, 3.79075057e-03, 3.79075057e-03, 4.16982563e-03, 4.16982563e-03, 4.54890068e-03, 4.54890068e-03, 4.92797574e-03, 4.92797574e-03, 5.30705080e-03, 5.30705080e-03, 5.68612585e-03, 5.68612585e-03, 6.06520091e-03, 6.06520091e-03, 6.44427597e-03, 6.44427597e-03, 6.82335102e-03, 6.82335102e-03, 7.20242608e-03, 7.20242608e-03, 7.58150114e-03, 7.58150114e-03, 7.96057619e-03, 7.96057619e-03, 8.71872631e-03, 8.71872631e-03, 9.09780136e-03, 9.09780136e-03, 9.47687642e-03, 9.47687642e-03, 9.85595148e-03, 9.85595148e-03, 1.02350265e-02, 1.02350265e-02, 1.06141016e-02, 1.06141016e-02, 1.09931766e-02, 1.09931766e-02, 1.13722517e-02, 1.13722517e-02, 1.17513268e-02, 1.17513268e-02, 1.25094769e-02, 1.25094769e-02, 1.28885519e-02, 1.28885519e-02, 1.32676270e-02, 1.32676270e-02, 1.36467020e-02, 1.36467020e-02, 1.40257771e-02, 1.40257771e-02, 1.44048522e-02, 1.44048522e-02, 1.47839272e-02, 1.47839272e-02, 1.51630023e-02, 1.51630023e-02, 1.55420773e-02, 1.55420773e-02, 1.59211524e-02, 1.59211524e-02, 1.63002274e-02, 1.63002274e-02, 1.66793025e-02, 1.66793025e-02, 1.70583776e-02, 1.70583776e-02, 1.74374526e-02, 1.74374526e-02, 1.78165277e-02, 1.78165277e-02, 1.81956027e-02, 1.81956027e-02, 1.85746778e-02, 1.85746778e-02, 1.93328279e-02, 1.93328279e-02, 1.97119030e-02, 1.97119030e-02, 2.00909780e-02, 2.00909780e-02, 2.08491281e-02, 2.08491281e-02, 2.12282032e-02, 2.12282032e-02, 2.16072782e-02, 2.16072782e-02, 2.19863533e-02, 2.19863533e-02, 2.23654284e-02, 2.23654284e-02, 2.46398787e-02, 2.46398787e-02, 2.57771039e-02, 2.57771039e-02, 2.61561789e-02, 2.61561789e-02, 2.65352540e-02, 2.65352540e-02, 2.84306293e-02, 2.84306293e-02, 2.88097043e-02, 2.88097043e-02, 2.91887794e-02, 2.91887794e-02, 2.95678544e-02, 2.95678544e-02, 2.99469295e-02, 2.99469295e-02, 3.03260045e-02, 3.03260045e-02, 3.10841547e-02, 3.10841547e-02, 3.14632297e-02, 3.14632297e-02, 3.22213798e-02, 3.22213798e-02, 3.29795299e-02, 3.29795299e-02, 3.37376801e-02, 3.37376801e-02, 3.41167551e-02, 3.41167551e-02, 3.48749052e-02, 3.48749052e-02, 3.52539803e-02, 3.52539803e-02, 3.56330553e-02, 3.56330553e-02, 3.63912055e-02, 3.63912055e-02, 3.67702805e-02, 3.67702805e-02, 3.79075057e-02, 3.79075057e-02, 3.82865807e-02, 3.82865807e-02, 3.86656558e-02, 3.86656558e-02, 3.90447309e-02, 3.90447309e-02, 4.05610311e-02, 4.05610311e-02, 4.16982563e-02, 4.16982563e-02, 4.20773313e-02, 4.20773313e-02, 4.24564064e-02, 4.24564064e-02, 4.28354814e-02, 4.28354814e-02, 4.35936315e-02, 4.35936315e-02, 4.39727066e-02, 4.39727066e-02, 4.43517817e-02, 4.43517817e-02, 4.58680819e-02, 4.58680819e-02, 4.62471569e-02, 4.62471569e-02, 4.73843821e-02, 4.73843821e-02, 4.81425322e-02, 4.81425322e-02, 5.15542077e-02, 5.15542077e-02, 5.19332828e-02, 5.19332828e-02, 5.26914329e-02, 5.26914329e-02, 5.34495830e-02, 5.34495830e-02, 5.42077331e-02, 5.42077331e-02, 5.49658832e-02, 5.49658832e-02, 5.53449583e-02, 5.53449583e-02, 5.64821835e-02, 5.64821835e-02, 5.68612585e-02, 5.68612585e-02, 5.91357089e-02, 5.91357089e-02, 6.02729340e-02, 6.02729340e-02, 6.06520091e-02, 6.06520091e-02, 6.17892343e-02, 6.17892343e-02, 6.59590599e-02, 6.59590599e-02, 6.63381350e-02, 6.63381350e-02, 6.67172100e-02, 6.67172100e-02, 6.74753601e-02, 6.74753601e-02, 6.78544352e-02, 6.78544352e-02, 7.08870356e-02, 7.08870356e-02, 7.27824109e-02, 7.27824109e-02, 7.92266869e-02, 7.92266869e-02, 7.96057619e-02, 7.96057619e-02, 8.03639121e-02, 8.03639121e-02, 8.18802123e-02, 8.18802123e-02, 8.37755876e-02, 8.37755876e-02, 8.87035633e-02, 8.87035633e-02, 8.98407885e-02, 8.98407885e-02, 9.02198635e-02, 9.02198635e-02, 9.05989386e-02, 9.05989386e-02, 9.24943139e-02, 9.24943139e-02, 9.28733889e-02, 9.28733889e-02, 9.47687642e-02, 9.47687642e-02, 9.66641395e-02, 9.66641395e-02, 9.74222896e-02, 9.74222896e-02, 9.81804397e-02, 9.81804397e-02, 9.85595148e-02, 9.85595148e-02, 9.89385898e-02, 9.89385898e-02, 9.93176649e-02, 9.93176649e-02, 1.00833965e-01, 1.00833965e-01, 1.03108415e-01, 1.03108415e-01, 1.03866566e-01, 1.03866566e-01, 1.05003791e-01, 1.05003791e-01, 1.08415466e-01, 1.08415466e-01, 1.09552691e-01, 1.09552691e-01, 1.09931766e-01, 1.09931766e-01, 1.10689917e-01, 1.10689917e-01, 1.11068992e-01, 1.11068992e-01, 1.11827142e-01, 1.11827142e-01, 1.14101592e-01, 1.14101592e-01, 1.14859742e-01, 1.14859742e-01, 1.15617892e-01, 1.15617892e-01, 1.17134193e-01, 1.17134193e-01, 1.20924943e-01, 1.20924943e-01, 1.22820318e-01, 1.22820318e-01, 1.23957544e-01, 1.23957544e-01, 1.25094769e-01, 1.25094769e-01, 1.25852919e-01, 1.25852919e-01, 1.29643669e-01, 1.29643669e-01, 1.30022745e-01, 1.30022745e-01, 1.37983321e-01, 1.37983321e-01, 1.39878696e-01, 1.39878696e-01, 1.42532221e-01, 1.42532221e-01, 1.45943897e-01, 1.45943897e-01, 1.47460197e-01, 1.47460197e-01, 1.53146323e-01, 1.53146323e-01, 1.53525398e-01, 1.53525398e-01, 1.62623199e-01, 1.62623199e-01, 1.64518575e-01, 1.64518575e-01, 1.70204701e-01, 1.70204701e-01, 1.72858226e-01, 1.72858226e-01, 1.78165277e-01, 1.78165277e-01, 1.83093252e-01, 1.83093252e-01, 1.89158453e-01, 1.89158453e-01, 1.95223654e-01, 1.95223654e-01, 1.99772555e-01, 1.99772555e-01, 2.05079606e-01, 2.05079606e-01, 3.01743745e-01, 3.01743745e-01, 3.02122820e-01, 3.02122820e-01, 3.03260045e-01, 3.03260045e-01, 3.39272176e-01, 3.39272176e-01, 1.00000000e+00]
	ROC_thres = [ 1.1889478 ,  3.91511585,  3.91885493,  4.64024907,  4.6447171 ,  5.39329359,  5.40340067,  5.5834803 ,  5.59564126,  5.68158348,  5.68442116,  5.81286655,  5.81565173,  5.9180161 ,  5.92307938,  5.94064063,  5.94471242,  6.16905867,  6.16940738,  6.3861619 ,  6.39340977,  6.5938602 ,  6.59621392,  6.68556605,  6.6925976 ,  7.10039862,  7.10969851,  7.24574946,  7.24801153,  7.34611717,  7.34672212,  7.46282904,  7.46604225,  7.57116185,  7.57551395,  7.74232146,  7.7497297 ,  7.87324695,  7.87736911,  8.03154551,  8.03508218,  8.06853721,  8.07523848,  8.21330304,  8.23919183,  8.41393784,  8.41654665,  8.48236757,  8.48389909,  8.5174672 ,  8.53790425,  8.57923705,  8.60991159,  8.61699435,  8.61928185,  8.65636596,  8.66427385,  8.77930385,  8.79034163,  8.80048728,  8.80434134,  8.93644967,  8.957803  ,  8.9646439 ,  8.97199948,  9.08038519,  9.08484404,  9.0861732 ,  9.09726746,  9.11775986,  9.12155864,  9.12235293,  9.12342465,  9.19032861,  9.19140751,  9.34059123,  9.34564029,  9.39273756,  9.39651861,  9.42275094,  9.44523253,  9.44978361,  9.45937312,  9.47035719,  9.47130254,  9.59448533,  9.59770578,  9.60625427,  9.61115172,  9.61510801,  9.61723878,  9.65207006,  9.66853718,  9.67247113,  9.68004676,  9.7654796 ,  9.79992293,  9.84582916,  9.84698683,  9.8569948 ,  9.85790315,  9.90138315,  9.91467458,  9.94962069,  9.96507511,  9.98424829,  9.98853312, 10.06971267, 10.07096424, 10.10857481, 10.13800112, 10.14894774, 10.22187452, 10.24969976, 10.26777428, 10.2703524 , 10.27273755, 10.27434075, 10.28544117, 10.29691066, 10.3485891 , 10.37165101, 10.3730958 , 10.37472959, 10.38180596, 10.42045251, 10.42869286, 10.45105755, 10.47245445, 10.4824344 , 10.48519672, 10.52892259, 10.5402301 , 10.5495732 , 10.55023002, 10.57139666, 10.58148948, 10.59393282, 10.60025711, 10.60253369, 10.62184737, 10.65463572, 10.66597832, 10.70741964, 10.71525857, 10.71912308, 10.72332832, 10.74221717, 10.75356949, 10.7820117 , 10.81329859, 10.83233042, 10.8348302 , 10.85551411, 10.87241229, 10.93638306, 10.94183832, 10.97033941, 10.98533449, 11.01786417, 11.02343708, 11.02575309, 11.06115916, 11.09597657, 11.10910085, 11.12179183, 11.12841796, 11.14326424, 11.14392719, 11.15244505, 11.15670979, 11.19004091, 11.19584577, 11.23217873, 11.23226266, 11.2452452 , 11.24530553, 11.26808699, 11.29869899, 11.31793319, 11.32929803, 11.33279087, 11.36073998, 11.37179506, 11.44660449, 11.44707422, 11.55555777, 11.55822813, 11.56189201, 11.57943792, 11.58851608, 11.5986593 , 11.60355774, 11.62268326, 11.63931789, 11.65783219, 11.66725487, 11.67205292, 11.67643363, 11.68522489, 11.71796504, 11.7253147 , 11.73180454, 11.73330022, 11.75315169, 11.77249135, 11.80570375, 11.81740075, 11.82333585, 11.83967487, 11.88012935, 11.9107245 , 12.0335096 , 12.06279138, 12.06840984, 12.08133567, 12.08897615, 12.09886564, 12.10776209, 12.12016243, 12.12262759, 12.12759519, 12.16632614, 12.17459778, 12.19464441, 12.19915058, 12.43302756, 12.4339916 , 12.45118326, 12.45795848, 12.47587044, 12.48336356, 12.51137284, 12.5357833 , 12.54891101, 12.55288116, 12.63524272, 12.64202093, 12.64996293, 12.67156864, 12.67535092, 12.70603879, 12.72580101, 12.73865207, 12.77340658, 12.77645131, 12.77715975, 12.80850338, 12.84160013, 12.85654243, 12.92274224, 12.92824996, 12.9533256 , 12.95512237, 12.95647933, 12.95744691, 12.96191633, 12.96899336, 12.97338907, 12.98151832, 12.98188841, 12.98686876, 13.03027002, 13.03190394, 13.06763502, 13.07057647, 13.08307522, 13.09769104, 13.1266878 , 13.14354689, 13.22446657, 13.23151457, 13.2415971 , 13.25344481, 13.27922835, 13.28791947, 13.30665736, 13.31922063, 13.33967259, 13.34416599, 13.34915649, 13.37994426, 13.43385348, 13.43848184, 13.44798726, 13.46937968, 13.47248196, 13.49772144, 13.52277077, 13.52393021, 13.58004827, 13.58280089, 13.60858726, 13.61653914, 13.62292014, 13.62989911, 13.64999885, 13.66584487, 13.67880253, 13.68920238, 13.77914837, 13.80761159, 13.81636371, 13.83243243, 14.02722746, 14.02888471, 14.09133334, 14.09318723, 14.14103242, 14.14647281, 14.22337512, 14.22562974, 14.23669313, 14.26879839, 14.37070962, 14.39586262, 14.40413191, 14.40853557, 14.55823088, 14.55968283, 14.59258958, 14.5942139 , 14.70464821, 14.70496805, 14.74967775, 14.75022975, 14.8669219 , 14.87273885, 14.93753411, 14.95083718, 15.02214657, 15.02348411, 15.14729732, 15.14779509, 15.20520232, 15.20677002, 15.37404102, 15.37592132, 16.79698953, 16.80412749, 16.80596588, 16.80704627, 16.81529871, 16.82145153, 17.36222923, 17.36555844, 37.29944542]
	precision = [0.27515118, 0.27522684, 0.27530253, ..., 1.        , 1.        , 1.        ]
	recall    = [1.00000000e+00, 1.00000000e+00, 1.00000000e+00, ..., 1.99800200e-03, 9.99000999e-04, 0.00000000e+00]
	PR_thres  = [37.29944542, 34.73224312, 34.11190735, ...,  1.80327522,  1.6968375 ,  1.1889478 ]

snr = 1.5
	TPR       = [9.99000999e-04, 2.85714286e-01, 2.85714286e-01, 2.94705295e-01, 2.94705295e-01, 3.24675325e-01, 3.24675325e-01, 3.66633367e-01, 3.66633367e-01, 3.94605395e-01, 3.94605395e-01, 4.22577423e-01, 4.22577423e-01, 4.44555445e-01, 4.44555445e-01, 4.47552448e-01, 4.47552448e-01, 4.58541459e-01, 4.58541459e-01, 4.85514486e-01, 4.85514486e-01, 4.99500500e-01, 4.99500500e-01, 5.17482517e-01, 5.17482517e-01, 5.19480519e-01, 5.19480519e-01, 5.23476523e-01, 5.23476523e-01, 5.29470529e-01, 5.29470529e-01, 5.35464535e-01, 5.35464535e-01, 5.38461538e-01, 5.38461538e-01, 5.51448551e-01, 5.51448551e-01, 5.52447552e-01, 5.52447552e-01, 5.64435564e-01, 5.64435564e-01, 6.08391608e-01, 6.08391608e-01, 6.11388611e-01, 6.11388611e-01, 6.38361638e-01, 6.38361638e-01, 6.39360639e-01, 6.39360639e-01, 6.44355644e-01, 6.44355644e-01, 6.45354645e-01, 6.45354645e-01, 6.46353646e-01, 6.46353646e-01, 6.60339660e-01, 6.60339660e-01, 6.68331668e-01, 6.68331668e-01, 6.74325674e-01, 6.74325674e-01, 6.81318681e-01, 6.81318681e-01, 6.83316683e-01, 6.83316683e-01, 6.87312687e-01, 6.87312687e-01, 6.94305694e-01, 6.94305694e-01, 7.11288711e-01, 7.11288711e-01, 7.16283716e-01, 7.16283716e-01, 7.19280719e-01, 7.19280719e-01, 7.26273726e-01, 7.26273726e-01, 7.40259740e-01, 7.40259740e-01, 7.41258741e-01, 7.41258741e-01, 7.45254745e-01, 7.45254745e-01, 7.47252747e-01, 7.47252747e-01, 7.50249750e-01, 7.50249750e-01, 7.54245754e-01, 7.54245754e-01, 7.58241758e-01, 7.58241758e-01, 7.62237762e-01, 7.62237762e-01, 7.64235764e-01, 7.64235764e-01, 7.67232767e-01, 7.67232767e-01, 7.71228771e-01, 7.71228771e-01, 7.72227772e-01, 7.72227772e-01, 7.74225774e-01, 7.74225774e-01, 7.77222777e-01, 7.77222777e-01, 7.78221778e-01, 7.78221778e-01, 7.80219780e-01, 7.80219780e-01, 7.82217782e-01, 7.82217782e-01, 7.86213786e-01, 7.86213786e-01, 7.87212787e-01, 7.87212787e-01, 7.93206793e-01, 7.93206793e-01, 7.95204795e-01, 7.95204795e-01, 7.96203796e-01, 7.96203796e-01, 7.98201798e-01, 7.98201798e-01, 8.00199800e-01, 8.00199800e-01, 8.05194805e-01, 8.05194805e-01, 8.06193806e-01, 8.06193806e-01, 8.08191808e-01, 8.08191808e-01, 8.09190809e-01, 8.09190809e-01, 8.13186813e-01, 8.13186813e-01, 8.16183816e-01, 8.16183816e-01, 8.18181818e-01, 8.18181818e-01, 8.20179820e-01, 8.20179820e-01, 8.21178821e-01, 8.21178821e-01, 8.23176823e-01, 8.23176823e-01, 8.28171828e-01, 8.28171828e-01, 8.30169830e-01, 8.30169830e-01, 8.34165834e-01, 8.34165834e-01, 8.35164835e-01, 8.35164835e-01, 8.36163836e-01, 8.36163836e-01, 8.38161838e-01, 8.38161838e-01, 8.41158841e-01, 8.41158841e-01, 8.42157842e-01, 8.42157842e-01, 8.44155844e-01, 8.44155844e-01, 8.47152847e-01, 8.47152847e-01, 8.50149850e-01, 8.50149850e-01, 8.51148851e-01, 8.51148851e-01, 8.53146853e-01, 8.53146853e-01, 8.56143856e-01, 8.56143856e-01, 8.58141858e-01, 8.58141858e-01, 8.60139860e-01, 8.60139860e-01, 8.62137862e-01, 8.62137862e-01, 8.64135864e-01, 8.64135864e-01, 8.66133866e-01, 8.66133866e-01, 8.67132867e-01, 8.67132867e-01, 8.68131868e-01, 8.68131868e-01, 8.74125874e-01, 8.74125874e-01, 8.75124875e-01, 8.75124875e-01, 8.77122877e-01, 8.77122877e-01, 8.81118881e-01, 8.81118881e-01, 8.82117882e-01, 8.82117882e-01, 8.83116883e-01, 8.83116883e-01, 8.86113886e-01, 8.86113886e-01, 8.89110889e-01, 8.89110889e-01, 8.91108891e-01, 8.91108891e-01, 8.94105894e-01, 8.94105894e-01, 8.96103896e-01, 8.96103896e-01, 8.97102897e-01, 8.97102897e-01, 8.99100899e-01, 8.99100899e-01, 9.00099900e-01, 9.00099900e-01, 9.01098901e-01, 9.01098901e-01, 9.02097902e-01, 9.02097902e-01, 9.03096903e-01, 9.03096903e-01, 9.04095904e-01, 9.04095904e-01, 9.06093906e-01, 9.06093906e-01, 9.08091908e-01, 9.08091908e-01, 9.13086913e-01, 9.13086913e-01, 9.15084915e-01, 9.15084915e-01, 9.16083916e-01, 9.16083916e-01, 9.17082917e-01, 9.17082917e-01, 9.18081918e-01, 9.18081918e-01, 9.19080919e-01, 9.19080919e-01, 9.20079920e-01, 9.20079920e-01, 9.22077922e-01, 9.22077922e-01, 9.23076923e-01, 9.23076923e-01, 9.24075924e-01, 9.24075924e-01, 9.26073926e-01, 9.26073926e-01, 9.27072927e-01, 9.27072927e-01, 9.28071928e-01, 9.28071928e-01, 9.30069930e-01, 9.30069930e-01, 9.31068931e-01, 9.31068931e-01, 9.34065934e-01, 9.34065934e-01, 9.35064935e-01, 9.35064935e-01, 9.36063936e-01, 9.36063936e-01, 9.37062937e-01, 9.37062937e-01, 9.38061938e-01, 9.38061938e-01, 9.39060939e-01, 9.39060939e-01, 9.40059940e-01, 9.40059940e-01, 9.41058941e-01, 9.41058941e-01, 9.42057942e-01, 9.42057942e-01, 9.43056943e-01, 9.43056943e-01, 9.44055944e-01, 9.44055944e-01, 9.45054945e-01, 9.45054945e-01, 9.46053946e-01, 9.46053946e-01, 9.48051948e-01, 9.48051948e-01, 9.49050949e-01, 9.49050949e-01, 9.50049950e-01, 9.50049950e-01, 9.51048951e-01, 9.51048951e-01, 9.52047952e-01, 9.52047952e-01, 9.53046953e-01, 9.53046953e-01, 9.54045954e-01, 9.54045954e-01, 9.55044955e-01, 9.55044955e-01, 9.56043956e-01, 9.56043956e-01, 9.57042957e-01, 9.57042957e-01, 9.58041958e-01, 9.58041958e-01, 9.59040959e-01, 9.59040959e-01, 9.60039960e-01, 9.60039960e-01, 9.61038961e-01, 9.61038961e-01, 9.62037962e-01, 9.62037962e-01, 9.63036963e-01, 9.63036963e-01, 9.64035964e-01, 9.64035964e-01, 9.65034965e-01, 9.65034965e-01, 9.66033966e-01, 9.66033966e-01, 9.67032967e-01, 9.67032967e-01, 9.68031968e-01, 9.68031968e-01, 9.69030969e-01, 9.69030969e-01, 9.70029970e-01, 9.70029970e-01, 9.71028971e-01, 9.71028971e-01, 9.72027972e-01, 9.72027972e-01, 9.73026973e-01, 9.73026973e-01, 9.74025974e-01, 9.74025974e-01, 9.76023976e-01, 9.76023976e-01, 9.78021978e-01, 9.78021978e-01, 9.79020979e-01, 9.79020979e-01, 9.80019980e-01, 9.80019980e-01, 9.81018981e-01, 9.81018981e-01, 9.82017982e-01, 9.82017982e-01, 9.83016983e-01, 9.83016983e-01, 9.84015984e-01, 9.84015984e-01, 9.85014985e-01, 9.85014985e-01, 9.86013986e-01, 9.86013986e-01, 9.87012987e-01, 9.87012987e-01, 9.88011988e-01, 9.88011988e-01, 9.89010989e-01, 9.89010989e-01, 9.90009990e-01, 9.90009990e-01, 9.91008991e-01, 9.91008991e-01, 9.92007992e-01, 9.92007992e-01, 9.93006993e-01, 9.93006993e-01, 9.94005994e-01, 9.94005994e-01, 9.95004995e-01, 9.95004995e-01, 9.96003996e-01, 9.96003996e-01, 9.97002997e-01, 9.97002997e-01, 9.98001998e-01, 9.98001998e-01, 9.99000999e-01, 9.99000999e-01, 1.00000000e+00, 1.00000000e+00]
	FPR       = [0.00000000e+00, 0.00000000e+00, 1.69204738e-04, 1.69204738e-04, 3.38409475e-04, 3.38409475e-04, 5.07614213e-04, 5.07614213e-04, 6.76818951e-04, 6.76818951e-04, 8.46023689e-04, 8.46023689e-04, 1.01522843e-03, 1.01522843e-03, 1.18443316e-03, 1.18443316e-03, 1.35363790e-03, 1.35363790e-03, 1.52284264e-03, 1.52284264e-03, 1.69204738e-03, 1.69204738e-03, 1.86125212e-03, 1.86125212e-03, 2.03045685e-03, 2.03045685e-03, 2.19966159e-03, 2.19966159e-03, 2.36886633e-03, 2.36886633e-03, 2.53807107e-03, 2.53807107e-03, 2.70727580e-03, 2.70727580e-03, 2.87648054e-03, 2.87648054e-03, 3.04568528e-03, 3.04568528e-03, 3.21489002e-03, 3.21489002e-03, 3.38409475e-03, 3.38409475e-03, 3.72250423e-03, 3.72250423e-03, 3.89170897e-03, 3.89170897e-03, 4.06091371e-03, 4.06091371e-03, 4.23011844e-03, 4.23011844e-03, 4.39932318e-03, 4.39932318e-03, 4.56852792e-03, 4.56852792e-03, 4.73773266e-03, 4.73773266e-03, 4.90693739e-03, 4.90693739e-03, 5.07614213e-03, 5.07614213e-03, 5.24534687e-03, 5.24534687e-03, 5.41455161e-03, 5.41455161e-03, 5.58375635e-03, 5.58375635e-03, 5.75296108e-03, 5.75296108e-03, 5.92216582e-03, 5.92216582e-03, 6.09137056e-03, 6.09137056e-03, 6.26057530e-03, 6.26057530e-03, 6.42978003e-03, 6.42978003e-03, 6.59898477e-03, 6.59898477e-03, 6.76818951e-03, 6.76818951e-03, 6.93739425e-03, 6.93739425e-03, 7.27580372e-03, 7.27580372e-03, 7.44500846e-03, 7.44500846e-03, 7.61421320e-03, 7.61421320e-03, 7.95262267e-03, 7.95262267e-03, 8.12182741e-03, 8.12182741e-03, 8.46023689e-03, 8.46023689e-03, 8.62944162e-03, 8.62944162e-03, 8.79864636e-03, 8.79864636e-03, 8.96785110e-03, 8.96785110e-03, 9.13705584e-03, 9.13705584e-03, 9.30626058e-03, 9.30626058e-03, 9.64467005e-03, 9.64467005e-03, 9.98307953e-03, 9.98307953e-03, 1.06598985e-02, 1.06598985e-02, 1.09983080e-02, 1.09983080e-02, 1.11675127e-02, 1.11675127e-02, 1.13367174e-02, 1.13367174e-02, 1.15059222e-02, 1.15059222e-02, 1.18443316e-02, 1.18443316e-02, 1.21827411e-02, 1.21827411e-02, 1.25211506e-02, 1.25211506e-02, 1.26903553e-02, 1.26903553e-02, 1.28595601e-02, 1.28595601e-02, 1.31979695e-02, 1.31979695e-02, 1.35363790e-02, 1.35363790e-02, 1.37055838e-02, 1.37055838e-02, 1.38747885e-02, 1.38747885e-02, 1.43824027e-02, 1.43824027e-02, 1.47208122e-02, 1.47208122e-02, 1.50592217e-02, 1.50592217e-02, 1.53976311e-02, 1.53976311e-02, 1.55668359e-02, 1.55668359e-02, 1.64128596e-02, 1.64128596e-02, 1.65820643e-02, 1.65820643e-02, 1.67512690e-02, 1.67512690e-02, 1.69204738e-02, 1.69204738e-02, 1.70896785e-02, 1.70896785e-02, 1.72588832e-02, 1.72588832e-02, 1.75972927e-02, 1.75972927e-02, 1.81049069e-02, 1.81049069e-02, 1.82741117e-02, 1.82741117e-02, 1.84433164e-02, 1.84433164e-02, 1.86125212e-02, 1.86125212e-02, 1.87817259e-02, 1.87817259e-02, 1.89509306e-02, 1.89509306e-02, 1.91201354e-02, 1.91201354e-02, 1.96277496e-02, 1.96277496e-02, 1.99661591e-02, 1.99661591e-02, 2.01353638e-02, 2.01353638e-02, 2.03045685e-02, 2.03045685e-02, 2.08121827e-02, 2.08121827e-02, 2.09813875e-02, 2.09813875e-02, 2.11505922e-02, 2.11505922e-02, 2.13197970e-02, 2.13197970e-02, 2.14890017e-02, 2.14890017e-02, 2.16582064e-02, 2.16582064e-02, 2.21658206e-02, 2.21658206e-02, 2.30118443e-02, 2.30118443e-02, 2.31810491e-02, 2.31810491e-02, 2.35194585e-02, 2.35194585e-02, 2.40270728e-02, 2.40270728e-02, 2.47038917e-02, 2.47038917e-02, 2.48730964e-02, 2.48730964e-02, 2.52115059e-02, 2.52115059e-02, 2.53807107e-02, 2.53807107e-02, 2.57191201e-02, 2.57191201e-02, 2.58883249e-02, 2.58883249e-02, 2.62267343e-02, 2.62267343e-02, 2.63959391e-02, 2.63959391e-02, 2.65651438e-02, 2.65651438e-02, 2.77495770e-02, 2.77495770e-02, 2.79187817e-02, 2.79187817e-02, 2.82571912e-02, 2.82571912e-02, 2.97800338e-02, 2.97800338e-02, 2.99492386e-02, 2.99492386e-02, 3.04568528e-02, 3.04568528e-02, 3.06260575e-02, 3.06260575e-02, 3.14720812e-02, 3.14720812e-02, 3.16412860e-02, 3.16412860e-02, 3.28257191e-02, 3.28257191e-02, 3.29949239e-02, 3.29949239e-02, 3.35025381e-02, 3.35025381e-02, 3.46869712e-02, 3.46869712e-02, 3.57021997e-02, 3.57021997e-02, 3.63790186e-02, 3.63790186e-02, 3.67174281e-02, 3.67174281e-02, 3.68866328e-02, 3.68866328e-02, 3.73942470e-02, 3.73942470e-02, 3.80710660e-02, 3.80710660e-02, 3.92554992e-02, 3.92554992e-02, 3.99323181e-02, 3.99323181e-02, 4.02707276e-02, 4.02707276e-02, 4.11167513e-02, 4.11167513e-02, 4.14551607e-02, 4.14551607e-02, 4.26395939e-02, 4.26395939e-02, 4.31472081e-02, 4.31472081e-02, 4.33164129e-02, 4.33164129e-02, 4.41624365e-02, 4.41624365e-02, 4.43316413e-02, 4.43316413e-02, 4.60236887e-02, 4.60236887e-02, 4.85617597e-02, 4.85617597e-02, 4.95769882e-02, 4.95769882e-02, 4.97461929e-02, 4.97461929e-02, 5.02538071e-02, 5.02538071e-02, 5.26226734e-02, 5.26226734e-02, 5.36379019e-02, 5.36379019e-02, 5.38071066e-02, 5.38071066e-02, 5.39763113e-02, 5.39763113e-02, 5.78680203e-02, 5.78680203e-02, 5.80372250e-02, 5.80372250e-02, 5.83756345e-02, 5.83756345e-02, 6.05752961e-02, 6.05752961e-02, 6.09137056e-02, 6.09137056e-02, 6.14213198e-02, 6.14213198e-02, 6.29441624e-02, 6.29441624e-02, 6.41285956e-02, 6.41285956e-02, 6.48054146e-02, 6.48054146e-02, 6.66666667e-02, 6.66666667e-02, 6.75126904e-02, 6.75126904e-02, 6.80203046e-02, 6.80203046e-02, 7.29272420e-02, 7.29272420e-02, 7.34348562e-02, 7.34348562e-02, 7.46192893e-02, 7.46192893e-02, 7.49576988e-02, 7.49576988e-02, 7.51269036e-02, 7.51269036e-02, 7.54653130e-02, 7.54653130e-02, 7.59729272e-02, 7.59729272e-02, 7.66497462e-02, 7.66497462e-02, 7.78341794e-02, 7.78341794e-02, 8.00338409e-02, 8.00338409e-02, 8.24027073e-02, 8.24027073e-02, 8.29103215e-02, 8.29103215e-02, 8.69712352e-02, 8.69712352e-02, 9.22165821e-02, 9.22165821e-02, 9.59390863e-02, 9.59390863e-02, 9.93231810e-02, 9.93231810e-02, 1.01861252e-01, 1.01861252e-01, 1.03214890e-01, 1.03214890e-01, 1.04230118e-01, 1.04230118e-01, 1.05922166e-01, 1.05922166e-01, 1.11675127e-01, 1.11675127e-01, 1.12859560e-01, 1.12859560e-01, 1.27749577e-01, 1.27749577e-01, 1.29103215e-01, 1.29103215e-01, 1.47377327e-01, 1.47377327e-01, 1.83248731e-01, 1.83248731e-01, 2.22842640e-01, 2.22842640e-01, 2.45685279e-01, 2.45685279e-01, 2.75972927e-01, 2.75972927e-01, 2.88155668e-01, 2.88155668e-01, 3.76142132e-01, 3.76142132e-01, 1.00000000e+00]
	ROC_thres = [ 1.88063069,  6.97239314,  6.9756803 ,  7.02174297,  7.02190569,  7.19569949,  7.21437236,  7.49673781,  7.50018702,  7.69947319,  7.70155115,  7.95762383,  7.9593231 ,  8.13505552,  8.14042067,  8.15685758,  8.15870658,  8.25179654,  8.25487962,  8.4572733 ,  8.45912066,  8.5766593 ,  8.57956944,  8.71786818,  8.72863757,  8.74520309,  8.74768887,  8.77736854,  8.78242033,  8.8082295 ,  8.81168507,  8.86343003,  8.89157885,  8.90398158,  8.92632715,  9.02079287,  9.02602846,  9.04214776,  9.04776111,  9.14065472,  9.15327007,  9.42710897,  9.44095824,  9.47510243,  9.47524446,  9.71653533,  9.72228602,  9.72295641,  9.73485847,  9.78180177,  9.7925366 ,  9.79811724,  9.8057992 ,  9.81024462,  9.8133945 ,  9.92569007,  9.92719086,  9.96976717,  9.98242388, 10.02011096, 10.02261073, 10.0639029 , 10.06858241, 10.08508039, 10.08804008, 10.11993028, 10.13582206, 10.18380734, 10.18650856, 10.2960163 , 10.32676464, 10.36046945, 10.37403388, 10.41403528, 10.41690586, 10.47866466, 10.48343554, 10.62034744, 10.62996266, 10.64394422, 10.64785633, 10.67915836, 10.70022932, 10.71622022, 10.72046955, 10.73967411, 10.74939442, 10.79586482, 10.83256232, 10.85203739, 10.86312047, 10.88398694, 10.88792962, 10.89855616, 10.90735595, 10.91369161, 10.92658685, 10.9643561 , 10.98293221, 10.98370757, 10.98667828, 11.00594318, 11.00981836, 11.02445388, 11.03209891, 11.04293211, 11.06850154, 11.08774595, 11.11824744, 11.14904266, 11.15925083, 11.17636456, 11.18907064, 11.19240164, 11.1953873 , 11.23532912, 11.24050634, 11.25291696, 11.26699222, 11.28315097, 11.28876148, 11.30344101, 11.31400101, 11.32502305, 11.32526743, 11.38181886, 11.38325145, 11.40057752, 11.42720495, 11.44252382, 11.48989322, 11.49093856, 11.53905579, 11.55031762, 11.5526345 , 11.60793506, 11.62830817, 11.64783717, 11.65445485, 11.67480648, 11.68462982, 11.68749942, 11.69688184, 11.69918043, 11.70047407, 11.76271157, 11.81932923, 11.83427331, 11.83768641, 11.88772419, 11.88932949, 11.89695154, 11.90699244, 11.90777357, 11.91838685, 11.91946425, 11.9465038 , 11.9593874 , 11.97686483, 11.98475061, 12.01084297, 12.0420191 , 12.04643811, 12.06339879, 12.07359535, 12.08646993, 12.11011472, 12.11677672, 12.11682978, 12.12215909, 12.1448893 , 12.16732967, 12.17615884, 12.18204274, 12.19167906, 12.22041952, 12.23328838, 12.25872102, 12.26436237, 12.27099316, 12.27412118, 12.28710887, 12.30149608, 12.30409712, 12.31247561, 12.31461196, 12.33887551, 12.38253794, 12.39327841, 12.40099758, 12.41042132, 12.42129013, 12.45117679, 12.46781789, 12.4980538 , 12.52443138, 12.57458842, 12.57929702, 12.5842853 , 12.59871475, 12.62000912, 12.66660142, 12.71820426, 12.7486069 , 12.77601551, 12.78334555, 12.78909102, 12.79472079, 12.8440819 , 12.85381071, 12.85772557, 12.89296187, 12.89895475, 12.91177896, 12.92152095, 12.9244318 , 12.94000888, 12.94005597, 12.95425898, 12.95937505, 12.96982778, 12.97439138, 13.0517796 , 13.06249776, 13.06858905, 13.10651152, 13.13646265, 13.1897147 , 13.22252847, 13.23660411, 13.23998237, 13.24155605, 13.28092855, 13.28529872, 13.29778058, 13.30083674, 13.35330059, 13.36577188, 13.37679136, 13.38700555, 13.43395332, 13.45988618, 13.46301868, 13.48822541, 13.50191122, 13.50509536, 13.64996102, 13.6558898 , 13.70643521, 13.74699776, 13.75790868, 13.76333893, 13.7746363 , 13.7945903 , 13.804125  , 13.81669442, 13.83446993, 13.85420373, 13.88812224, 13.89626531, 13.99432011, 13.9981384 , 14.03250857, 14.0538896 , 14.07093907, 14.08954518, 14.12640659, 14.12743558, 14.15337418, 14.15477681, 14.19636804, 14.20376308, 14.22850797, 14.24223699, 14.24572347, 14.2562595 , 14.29406947, 14.29683324, 14.30282857, 14.30927785, 14.388696  , 14.39917291, 14.51344466, 14.52036227, 14.58325014, 14.58351863, 14.58915428, 14.59113939, 14.63551851, 14.646852  , 14.75178663, 14.75584365, 14.8011903 , 14.80129835, 14.80407148, 14.80532909, 14.81447661, 14.8151638 , 14.9715043 , 14.98864539, 15.00107586, 15.00281263, 15.00363073, 15.00672156, 15.07524692, 15.08846085, 15.09470842, 15.10096392, 15.11255603, 15.11827092, 15.15877413, 15.16617216, 15.18735278, 15.1921042 , 15.24003353, 15.24413143, 15.30407176, 15.30837745, 15.32285482, 15.32392035, 15.33110923, 15.35602852, 15.45634004, 15.46208751, 15.47138701, 15.47313174, 15.49714755, 15.49969521, 15.5394296 , 15.5415993 , 15.54172839, 15.54343622, 15.55953848, 15.56073344, 15.56401248, 15.57611178, 15.59514037, 15.6189655 , 15.67349559, 15.69246279, 15.73229045, 15.74612379, 15.81646391, 15.81717986, 15.82554234, 15.83342321, 15.96489433, 15.970589  , 16.10448185, 16.10872493, 16.20065416, 16.20395058, 16.28330341, 16.29771234, 16.34619243, 16.3468364 , 16.37579265, 16.38183078, 16.42317088, 16.42436726, 16.45489815, 16.4724353 , 16.59827352, 16.60218574, 16.61882643, 16.62250142, 16.97105397, 16.97734008, 17.01501239, 17.02448251, 17.43537287, 17.43598026, 18.15288748, 18.15395625, 18.95391205, 18.95696252, 19.32983286, 19.33289171, 19.81607587, 19.81660599, 19.98701786, 19.98797942, 21.37818691, 21.38156831, 42.07007885]
	precision = [0.14486252, 0.14488349, 0.14490446, ..., 1.        , 1.        , 1.        ]
	recall    = [1.00000000e+00, 1.00000000e+00, 1.00000000e+00, ..., 1.99800200e-03, 9.99000999e-04, 0.00000000e+00]
	PR_thres  = [42.07007885, 40.80121893, 39.49952724, ...,  2.35361514,  2.1269227 ,  1.88063069]

snr = 2.0
	TPR       = [9.99000999e-04, 2.99700300e-01, 2.99700300e-01, 3.90609391e-01, 3.90609391e-01, 4.32567433e-01, 4.32567433e-01, 4.58541459e-01, 4.58541459e-01, 5.09490509e-01, 5.09490509e-01, 5.22477522e-01, 5.22477522e-01, 5.34465534e-01, 5.34465534e-01, 5.52447552e-01, 5.52447552e-01, 5.68431568e-01, 5.68431568e-01, 5.73426573e-01, 5.73426573e-01, 5.78421578e-01, 5.78421578e-01, 5.90409590e-01, 5.90409590e-01, 5.95404595e-01, 5.95404595e-01, 6.32367632e-01, 6.32367632e-01, 6.44355644e-01, 6.44355644e-01, 6.47352647e-01, 6.47352647e-01, 6.60339660e-01, 6.60339660e-01, 6.68331668e-01, 6.68331668e-01, 6.81318681e-01, 6.81318681e-01, 6.85314685e-01, 6.85314685e-01, 6.97302697e-01, 6.97302697e-01, 7.03296703e-01, 7.03296703e-01, 7.12287712e-01, 7.12287712e-01, 7.15284715e-01, 7.15284715e-01, 7.21278721e-01, 7.21278721e-01, 7.26273726e-01, 7.26273726e-01, 7.35264735e-01, 7.35264735e-01, 7.52247752e-01, 7.52247752e-01, 7.54245754e-01, 7.54245754e-01, 7.58241758e-01, 7.58241758e-01, 7.60239760e-01, 7.60239760e-01, 7.65234765e-01, 7.65234765e-01, 7.71228771e-01, 7.71228771e-01, 7.77222777e-01, 7.77222777e-01, 7.90209790e-01, 7.90209790e-01, 7.96203796e-01, 7.96203796e-01, 7.99200799e-01, 7.99200799e-01, 8.01198801e-01, 8.01198801e-01, 8.06193806e-01, 8.06193806e-01, 8.08191808e-01, 8.08191808e-01, 8.09190809e-01, 8.09190809e-01, 8.17182817e-01, 8.17182817e-01, 8.18181818e-01, 8.18181818e-01, 8.24175824e-01, 8.24175824e-01, 8.26173826e-01, 8.26173826e-01, 8.27172827e-01, 8.27172827e-01, 8.30169830e-01, 8.30169830e-01, 8.31168831e-01, 8.31168831e-01, 8.33166833e-01, 8.33166833e-01, 8.34165834e-01, 8.34165834e-01, 8.39160839e-01, 8.39160839e-01, 8.42157842e-01, 8.42157842e-01, 8.44155844e-01, 8.44155844e-01, 8.48151848e-01, 8.48151848e-01, 8.51148851e-01, 8.51148851e-01, 8.53146853e-01, 8.53146853e-01, 8.55144855e-01, 8.55144855e-01, 8.57142857e-01, 8.57142857e-01, 8.58141858e-01, 8.58141858e-01, 8.59140859e-01, 8.59140859e-01, 8.60139860e-01, 8.60139860e-01, 8.65134865e-01, 8.65134865e-01, 8.67132867e-01, 8.67132867e-01, 8.69130869e-01, 8.69130869e-01, 8.70129870e-01, 8.70129870e-01, 8.71128871e-01, 8.71128871e-01, 8.74125874e-01, 8.74125874e-01, 8.75124875e-01, 8.75124875e-01, 8.76123876e-01, 8.76123876e-01, 8.78121878e-01, 8.78121878e-01, 8.79120879e-01, 8.79120879e-01, 8.82117882e-01, 8.82117882e-01, 8.84115884e-01, 8.84115884e-01, 8.86113886e-01, 8.86113886e-01, 8.87112887e-01, 8.87112887e-01, 8.89110889e-01, 8.89110889e-01, 8.90109890e-01, 8.90109890e-01, 8.91108891e-01, 8.91108891e-01, 8.93106893e-01, 8.93106893e-01, 8.95104895e-01, 8.95104895e-01, 8.97102897e-01, 8.97102897e-01, 8.98101898e-01, 8.98101898e-01, 9.01098901e-01, 9.01098901e-01, 9.03096903e-01, 9.03096903e-01, 9.05094905e-01, 9.05094905e-01, 9.06093906e-01, 9.06093906e-01, 9.07092907e-01, 9.07092907e-01, 9.08091908e-01, 9.08091908e-01, 9.09090909e-01, 9.09090909e-01, 9.10089910e-01, 9.10089910e-01, 9.12087912e-01, 9.12087912e-01, 9.13086913e-01, 9.13086913e-01, 9.14085914e-01, 9.14085914e-01, 9.15084915e-01, 9.15084915e-01, 9.16083916e-01, 9.16083916e-01, 9.17082917e-01, 9.17082917e-01, 9.18081918e-01, 9.18081918e-01, 9.21078921e-01, 9.21078921e-01, 9.24075924e-01, 9.24075924e-01, 9.25074925e-01, 9.25074925e-01, 9.26073926e-01, 9.26073926e-01, 9.28071928e-01, 9.28071928e-01, 9.33066933e-01, 9.33066933e-01, 9.34065934e-01, 9.34065934e-01, 9.35064935e-01, 9.35064935e-01, 9.37062937e-01, 9.37062937e-01, 9.38061938e-01, 9.38061938e-01, 9.40059940e-01, 9.40059940e-01, 9.41058941e-01, 9.41058941e-01, 9.42057942e-01, 9.42057942e-01, 9.43056943e-01, 9.43056943e-01, 9.44055944e-01, 9.44055944e-01, 9.46053946e-01, 9.46053946e-01, 9.47052947e-01, 9.47052947e-01, 9.48051948e-01, 9.48051948e-01, 9.49050949e-01, 9.49050949e-01, 9.50049950e-01, 9.50049950e-01, 9.51048951e-01, 9.51048951e-01, 9.52047952e-01, 9.52047952e-01, 9.53046953e-01, 9.53046953e-01, 9.54045954e-01, 9.54045954e-01, 9.55044955e-01, 9.55044955e-01, 9.56043956e-01, 9.56043956e-01, 9.59040959e-01, 9.59040959e-01, 9.60039960e-01, 9.60039960e-01, 9.61038961e-01, 9.61038961e-01, 9.62037962e-01, 9.62037962e-01, 9.63036963e-01, 9.63036963e-01, 9.64035964e-01, 9.64035964e-01, 9.66033966e-01, 9.66033966e-01, 9.67032967e-01, 9.67032967e-01, 9.69030969e-01, 9.69030969e-01, 9.71028971e-01, 9.71028971e-01, 9.72027972e-01, 9.72027972e-01, 9.73026973e-01, 9.73026973e-01, 9.74025974e-01, 9.74025974e-01, 9.75024975e-01, 9.75024975e-01, 9.76023976e-01, 9.76023976e-01, 9.77022977e-01, 9.77022977e-01, 9.78021978e-01, 9.78021978e-01, 9.79020979e-01, 9.79020979e-01, 9.80019980e-01, 9.80019980e-01, 9.81018981e-01, 9.81018981e-01, 9.82017982e-01, 9.82017982e-01, 9.83016983e-01, 9.83016983e-01, 9.84015984e-01, 9.84015984e-01, 9.85014985e-01, 9.85014985e-01, 9.86013986e-01, 9.86013986e-01, 9.87012987e-01, 9.87012987e-01, 9.88011988e-01, 9.88011988e-01, 9.89010989e-01, 9.89010989e-01, 9.90009990e-01, 9.90009990e-01, 9.91008991e-01, 9.91008991e-01, 9.92007992e-01, 9.92007992e-01, 9.93006993e-01, 9.93006993e-01, 9.94005994e-01, 9.94005994e-01, 9.95004995e-01, 9.95004995e-01, 9.96003996e-01, 9.96003996e-01, 9.97002997e-01, 9.97002997e-01, 9.98001998e-01, 9.98001998e-01, 9.99000999e-01, 9.99000999e-01, 1.00000000e+00, 1.00000000e+00]
	FPR       = [0.00000000e+00, 0.00000000e+00, 6.25899731e-05, 6.25899731e-05, 1.25179946e-04, 1.25179946e-04, 1.87769919e-04, 1.87769919e-04, 2.50359892e-04, 2.50359892e-04, 3.12949865e-04, 3.12949865e-04, 3.75539839e-04, 3.75539839e-04, 4.38129812e-04, 4.38129812e-04, 5.00719785e-04, 5.00719785e-04, 5.63309758e-04, 5.63309758e-04, 6.25899731e-04, 6.25899731e-04, 6.88489704e-04, 6.88489704e-04, 7.51079677e-04, 7.51079677e-04, 8.76259623e-04, 8.76259623e-04, 9.38849596e-04, 9.38849596e-04, 1.00143957e-03, 1.00143957e-03, 1.06402954e-03, 1.06402954e-03, 1.12661952e-03, 1.12661952e-03, 1.18920949e-03, 1.18920949e-03, 1.25179946e-03, 1.25179946e-03, 1.31438943e-03, 1.31438943e-03, 1.43956938e-03, 1.43956938e-03, 1.50215935e-03, 1.50215935e-03, 1.56474933e-03, 1.56474933e-03, 1.62733930e-03, 1.62733930e-03, 1.68992927e-03, 1.68992927e-03, 1.81510922e-03, 1.81510922e-03, 1.87769919e-03, 1.87769919e-03, 2.00287914e-03, 2.00287914e-03, 2.12805908e-03, 2.12805908e-03, 2.19064906e-03, 2.19064906e-03, 2.25323903e-03, 2.25323903e-03, 2.31582900e-03, 2.31582900e-03, 2.37841898e-03, 2.37841898e-03, 2.50359892e-03, 2.50359892e-03, 2.62877887e-03, 2.62877887e-03, 2.69136884e-03, 2.69136884e-03, 2.75395882e-03, 2.75395882e-03, 2.81654879e-03, 2.81654879e-03, 2.87913876e-03, 2.87913876e-03, 2.94172874e-03, 2.94172874e-03, 3.00431871e-03, 3.00431871e-03, 3.06690868e-03, 3.06690868e-03, 3.12949865e-03, 3.12949865e-03, 3.19208863e-03, 3.19208863e-03, 3.25467860e-03, 3.25467860e-03, 3.31726857e-03, 3.31726857e-03, 3.37985855e-03, 3.37985855e-03, 3.50503849e-03, 3.50503849e-03, 3.56762847e-03, 3.56762847e-03, 3.63021844e-03, 3.63021844e-03, 3.75539839e-03, 3.75539839e-03, 3.81798836e-03, 3.81798836e-03, 4.00575828e-03, 4.00575828e-03, 4.06834825e-03, 4.06834825e-03, 4.13093822e-03, 4.13093822e-03, 4.19352820e-03, 4.19352820e-03, 4.25611817e-03, 4.25611817e-03, 4.38129812e-03, 4.38129812e-03, 4.63165801e-03, 4.63165801e-03, 4.88201790e-03, 4.88201790e-03, 5.06978782e-03, 5.06978782e-03, 5.13237779e-03, 5.13237779e-03, 5.19496777e-03, 5.19496777e-03, 5.38273769e-03, 5.38273769e-03, 5.63309758e-03, 5.63309758e-03, 5.75827752e-03, 5.75827752e-03, 5.82086750e-03, 5.82086750e-03, 5.88345747e-03, 5.88345747e-03, 6.00863742e-03, 6.00863742e-03, 6.07122739e-03, 6.07122739e-03, 6.13381736e-03, 6.13381736e-03, 6.25899731e-03, 6.25899731e-03, 6.69712712e-03, 6.69712712e-03, 6.88489704e-03, 6.88489704e-03, 7.01007699e-03, 7.01007699e-03, 7.44820680e-03, 7.44820680e-03, 7.69856669e-03, 7.69856669e-03, 7.76115666e-03, 7.76115666e-03, 7.94892658e-03, 7.94892658e-03, 8.01151656e-03, 8.01151656e-03, 8.07410653e-03, 8.07410653e-03, 8.32446642e-03, 8.32446642e-03, 8.38705639e-03, 8.38705639e-03, 9.01295612e-03, 9.01295612e-03, 9.07554610e-03, 9.07554610e-03, 9.45108594e-03, 9.45108594e-03, 9.63885586e-03, 9.63885586e-03, 9.82662577e-03, 9.82662577e-03, 9.88921575e-03, 9.88921575e-03, 1.00143957e-02, 1.00143957e-02, 1.01395756e-02, 1.01395756e-02, 1.03273456e-02, 1.03273456e-02, 1.05777055e-02, 1.05777055e-02, 1.07028854e-02, 1.07028854e-02, 1.08280653e-02, 1.08280653e-02, 1.08906553e-02, 1.08906553e-02, 1.14539651e-02, 1.14539651e-02, 1.15165550e-02, 1.15165550e-02, 1.15791450e-02, 1.15791450e-02, 1.17669149e-02, 1.17669149e-02, 1.18295049e-02, 1.18295049e-02, 1.19546849e-02, 1.19546849e-02, 1.23302247e-02, 1.23302247e-02, 1.25805846e-02, 1.25805846e-02, 1.32064843e-02, 1.32064843e-02, 1.33942542e-02, 1.33942542e-02, 1.36446141e-02, 1.36446141e-02, 1.37072041e-02, 1.37072041e-02, 1.38323841e-02, 1.38323841e-02, 1.38949740e-02, 1.38949740e-02, 1.40827439e-02, 1.40827439e-02, 1.42079239e-02, 1.42079239e-02, 1.43956938e-02, 1.43956938e-02, 1.47712336e-02, 1.47712336e-02, 1.50215935e-02, 1.50215935e-02, 1.53345434e-02, 1.53345434e-02, 1.58352632e-02, 1.58352632e-02, 1.59604431e-02, 1.59604431e-02, 1.63985729e-02, 1.63985729e-02, 1.66489328e-02, 1.66489328e-02, 1.75251925e-02, 1.75251925e-02, 1.79633223e-02, 1.79633223e-02, 1.83388621e-02, 1.83388621e-02, 1.84014521e-02, 1.84014521e-02, 1.84640421e-02, 1.84640421e-02, 1.91525318e-02, 1.91525318e-02, 2.02165613e-02, 2.02165613e-02, 2.07798711e-02, 2.07798711e-02, 2.09676410e-02, 2.09676410e-02, 2.15309507e-02, 2.15309507e-02, 2.16561307e-02, 2.16561307e-02, 2.34086499e-02, 2.34086499e-02, 2.37215998e-02, 2.37215998e-02, 2.42849096e-02, 2.42849096e-02, 2.55367090e-02, 2.55367090e-02, 2.74769982e-02, 2.74769982e-02, 2.77273581e-02, 2.77273581e-02, 3.02935470e-02, 3.02935470e-02, 3.08568567e-02, 3.08568567e-02, 3.26719660e-02, 3.26719660e-02, 3.30475058e-02, 3.30475058e-02, 3.39237654e-02, 3.39237654e-02, 3.68029042e-02, 3.68029042e-02, 3.68654941e-02, 3.68654941e-02, 3.78669337e-02, 3.78669337e-02, 3.86180134e-02, 3.86180134e-02, 4.14971522e-02, 4.14971522e-02, 4.35000313e-02, 4.35000313e-02, 4.40633411e-02, 4.40633411e-02, 4.80065094e-02, 4.80065094e-02, 5.23252175e-02, 5.23252175e-02, 5.23878075e-02, 5.23878075e-02, 5.26381674e-02, 5.26381674e-02, 5.42655067e-02, 5.42655067e-02, 6.79727108e-02, 6.79727108e-02, 7.09770295e-02, 7.09770295e-02, 9.02547412e-02, 9.02547412e-02, 9.19446705e-02, 9.19446705e-02, 9.31338800e-02, 9.31338800e-02, 1.27996495e-01, 1.27996495e-01, 1.65237529e-01, 1.65237529e-01, 1.00000000e+00]
	ROC_thres = [ 2.30926054,  7.6709461 ,  7.69877243,  8.33114004,  8.33333973,  8.66631116,  8.66802813,  8.89238762,  8.9088542 ,  9.31745758,  9.33306877,  9.42748441,  9.44195832,  9.5451625 ,  9.56807151,  9.70442455,  9.70918096,  9.83792329,  9.84933073,  9.88253739,  9.88620256,  9.91407626,  9.9189594 , 10.01394144, 10.01542136, 10.03736353, 10.05641071, 10.34571706, 10.34676665, 10.41967246, 10.42264623, 10.45008688, 10.45599147, 10.60076661, 10.6076298 , 10.63540937, 10.63716293, 10.75032803, 10.75043933, 10.76911937, 10.77757586, 10.98725745, 11.00181686, 11.05970589, 11.06660384, 11.1124125 , 11.13124606, 11.15024907, 11.15282256, 11.18607628, 11.1865901 , 11.22076772, 11.22411773, 11.29510006, 11.29897109, 11.4167339 , 11.4493698 , 11.48516477, 11.49458031, 11.5067694 , 11.50789853, 11.5185521 , 11.52124402, 11.5687244 , 11.57820897, 11.61567751, 11.61725377, 11.66468478, 11.68053193, 11.86150096, 11.86782824, 11.89599034, 11.89933969, 11.92449975, 11.92590573, 11.92967861, 11.93177251, 11.95590661, 11.9647878 , 11.97276889, 11.97931031, 11.9912873 , 11.9944558 , 12.08047637, 12.08346613, 12.0906932 , 12.10128704, 12.13861256, 12.14230742, 12.17525837, 12.18309108, 12.19273422, 12.20525629, 12.23573901, 12.24936034, 12.2552684 , 12.25697234, 12.25999834, 12.26293966, 12.26490955, 12.27294763, 12.36317379, 12.41514341, 12.42962309, 12.45737497, 12.48033711, 12.49654051, 12.53878148, 12.5402925 , 12.57855549, 12.58227717, 12.5890224 , 12.60163857, 12.6112078 , 12.61621238, 12.63475593, 12.63825058, 12.63895827, 12.66791545, 12.66897109, 12.70731292, 12.71087195, 12.74486433, 12.76198154, 12.7658223 , 12.76784294, 12.7706205 , 12.83375574, 12.85426327, 12.86714744, 12.912106  , 12.9354369 , 12.94798052, 12.97979594, 12.99833843, 13.01828842, 13.03055887, 13.03198687, 13.07215276, 13.12140325, 13.12212393, 13.14105135, 13.14344769, 13.16869808, 13.21925993, 13.22413688, 13.29228775, 13.31363454, 13.35696889, 13.35937497, 13.38739065, 13.39515086, 13.44883877, 13.45090565, 13.50646767, 13.50810608, 13.54093296, 13.54705697, 13.54969842, 13.55858643, 13.58419712, 13.59137903, 13.59141677, 13.60141084, 13.64220809, 13.66857388, 13.68577245, 13.70239358, 13.8125059 , 13.8344025 , 13.84778637, 13.85045173, 13.88271971, 13.88403924, 13.89697666, 13.89702563, 13.91061446, 13.91620011, 13.92126789, 13.92329739, 13.92922651, 13.93400472, 13.96004788, 13.97629947, 14.00565623, 14.00993495, 14.03487151, 14.03734349, 14.04565032, 14.05828851, 14.06860099, 14.07329428, 14.10057834, 14.10242072, 14.13850833, 14.15631751, 14.15851299, 14.19735008, 14.21240845, 14.2212407 , 14.24319738, 14.26779592, 14.26974446, 14.28176587, 14.28794775, 14.33235414, 14.36867599, 14.3732968 , 14.40995417, 14.43085326, 14.50823609, 14.51878553, 14.53471121, 14.54623144, 14.64380254, 14.66285903, 14.66957015, 14.67350905, 14.69059161, 14.69528959, 14.6993693 , 14.70466219, 14.73566699, 14.73954338, 14.74768399, 14.76635986, 14.78552657, 14.7949696 , 14.81748062, 14.83015938, 14.88349871, 14.88861066, 14.93240489, 14.95147446, 15.015281  , 15.02559531, 15.04148479, 15.05443651, 15.10014774, 15.10127465, 15.14734283, 15.17513405, 15.23515237, 15.24146697, 15.27040549, 15.27344558, 15.31734197, 15.33399535, 15.3341381 , 15.3498262 , 15.36305545, 15.37160685, 15.42293708, 15.43997246, 15.5949157 , 15.59673061, 15.67395466, 15.71743075, 15.75434184, 15.78942239, 15.85468052, 15.85836359, 15.8785081 , 15.88282366, 16.02184196, 16.03801886, 16.06044762, 16.06443947, 16.13205478, 16.14182472, 16.22883365, 16.2460296 , 16.46926265, 16.47922528, 16.48626359, 16.48758937, 16.64277117, 16.64356801, 16.70343511, 16.70782299, 16.81912236, 16.8243062 , 16.86602352, 16.86889061, 16.94622324, 16.94786265, 17.13975915, 17.14003767, 17.1590099 , 17.17071995, 17.22788553, 17.22864756, 17.27409621, 17.27951449, 17.5236842 , 17.52765273, 17.60432317, 17.60944615, 17.65442826, 17.66066592, 17.89056021, 17.89584317, 18.18368609, 18.18458552, 18.18607621, 18.19612297, 18.20331794, 18.20354773, 18.298648  , 18.30747814, 18.94509414, 18.95179133, 19.07872215, 19.08090342, 19.79719103, 19.80172981, 19.8695073 , 19.87230896, 19.90234695, 19.9060481 , 20.95571231, 20.95615736, 21.87842988, 21.88012326, 48.74125573]
	precision = [0.05896213, 0.0589656 , 0.05896907, ..., 1.        , 1.        , 1.        ]
	recall    = [1.00000000e+00, 1.00000000e+00, 1.00000000e+00, ..., 1.99800200e-03, 9.99000999e-04, 0.00000000e+00]
	PR_thres  = [48.74125573, 46.53587402, 45.61691935, ...,  2.93370234,  2.92061254,  2.30926054]

snr = 2.5
	TPR       = [9.99000999e-04, 2.11788212e-01, 2.11788212e-01, 4.61538462e-01, 4.61538462e-01, 4.93506494e-01, 4.93506494e-01, 5.07492507e-01, 5.07492507e-01, 5.39460539e-01, 5.39460539e-01, 5.54445554e-01, 5.54445554e-01, 5.77422577e-01, 5.77422577e-01, 5.82417582e-01, 5.82417582e-01, 6.32367632e-01, 6.32367632e-01, 6.44355644e-01, 6.44355644e-01, 6.51348651e-01, 6.51348651e-01, 6.60339660e-01, 6.60339660e-01, 6.76323676e-01, 6.76323676e-01, 6.93306693e-01, 6.93306693e-01, 7.04295704e-01, 7.04295704e-01, 7.10289710e-01, 7.10289710e-01, 7.37262737e-01, 7.37262737e-01, 7.46253746e-01, 7.46253746e-01, 7.47252747e-01, 7.47252747e-01, 7.60239760e-01, 7.60239760e-01, 7.63236763e-01, 7.63236763e-01, 7.73226773e-01, 7.73226773e-01, 7.78221778e-01, 7.78221778e-01, 7.83216783e-01, 7.83216783e-01, 7.85214785e-01, 7.85214785e-01, 7.89210789e-01, 7.89210789e-01, 7.94205794e-01, 7.94205794e-01, 7.96203796e-01, 7.96203796e-01, 7.98201798e-01, 7.98201798e-01, 8.02197802e-01, 8.02197802e-01, 8.04195804e-01, 8.04195804e-01, 8.09190809e-01, 8.09190809e-01, 8.10189810e-01, 8.10189810e-01, 8.11188811e-01, 8.11188811e-01, 8.12187812e-01, 8.12187812e-01, 8.17182817e-01, 8.17182817e-01, 8.25174825e-01, 8.25174825e-01, 8.30169830e-01, 8.30169830e-01, 8.33166833e-01, 8.33166833e-01, 8.35164835e-01, 8.35164835e-01, 8.37162837e-01, 8.37162837e-01, 8.38161838e-01, 8.38161838e-01, 8.40159840e-01, 8.40159840e-01, 8.41158841e-01, 8.41158841e-01, 8.42157842e-01, 8.42157842e-01, 8.46153846e-01, 8.46153846e-01, 8.54145854e-01, 8.54145854e-01, 8.56143856e-01, 8.56143856e-01, 8.57142857e-01, 8.57142857e-01, 8.58141858e-01, 8.58141858e-01, 8.60139860e-01, 8.60139860e-01, 8.64135864e-01, 8.64135864e-01, 8.66133866e-01, 8.66133866e-01, 8.68131868e-01, 8.68131868e-01, 8.69130869e-01, 8.69130869e-01, 8.72127872e-01, 8.72127872e-01, 8.75124875e-01, 8.75124875e-01, 8.76123876e-01, 8.76123876e-01, 8.77122877e-01, 8.77122877e-01, 8.82117882e-01, 8.82117882e-01, 8.84115884e-01, 8.84115884e-01, 8.85114885e-01, 8.85114885e-01, 8.86113886e-01, 8.86113886e-01, 8.88111888e-01, 8.88111888e-01, 8.89110889e-01, 8.89110889e-01, 8.90109890e-01, 8.90109890e-01, 8.92107892e-01, 8.92107892e-01, 8.93106893e-01, 8.93106893e-01, 8.95104895e-01, 8.95104895e-01, 8.96103896e-01, 8.96103896e-01, 9.00099900e-01, 9.00099900e-01, 9.01098901e-01, 9.01098901e-01, 9.05094905e-01, 9.05094905e-01, 9.06093906e-01, 9.06093906e-01, 9.08091908e-01, 9.08091908e-01, 9.09090909e-01, 9.09090909e-01, 9.11088911e-01, 9.11088911e-01, 9.12087912e-01, 9.12087912e-01, 9.13086913e-01, 9.13086913e-01, 9.15084915e-01, 9.15084915e-01, 9.16083916e-01, 9.16083916e-01, 9.18081918e-01, 9.18081918e-01, 9.22077922e-01, 9.22077922e-01, 9.23076923e-01, 9.23076923e-01, 9.24075924e-01, 9.24075924e-01, 9.25074925e-01, 9.25074925e-01, 9.26073926e-01, 9.26073926e-01, 9.28071928e-01, 9.28071928e-01, 9.30069930e-01, 9.30069930e-01, 9.31068931e-01, 9.31068931e-01, 9.32067932e-01, 9.32067932e-01, 9.33066933e-01, 9.33066933e-01, 9.34065934e-01, 9.34065934e-01, 9.36063936e-01, 9.36063936e-01, 9.37062937e-01, 9.37062937e-01, 9.38061938e-01, 9.38061938e-01, 9.41058941e-01, 9.41058941e-01, 9.42057942e-01, 9.42057942e-01, 9.43056943e-01, 9.43056943e-01, 9.44055944e-01, 9.44055944e-01, 9.45054945e-01, 9.45054945e-01, 9.46053946e-01, 9.46053946e-01, 9.48051948e-01, 9.48051948e-01, 9.49050949e-01, 9.49050949e-01, 9.50049950e-01, 9.50049950e-01, 9.51048951e-01, 9.51048951e-01, 9.52047952e-01, 9.52047952e-01, 9.53046953e-01, 9.53046953e-01, 9.55044955e-01, 9.55044955e-01, 9.56043956e-01, 9.56043956e-01, 9.57042957e-01, 9.57042957e-01, 9.58041958e-01, 9.58041958e-01, 9.59040959e-01, 9.59040959e-01, 9.60039960e-01, 9.60039960e-01, 9.62037962e-01, 9.62037962e-01, 9.63036963e-01, 9.63036963e-01, 9.64035964e-01, 9.64035964e-01, 9.65034965e-01, 9.65034965e-01, 9.67032967e-01, 9.67032967e-01, 9.68031968e-01, 9.68031968e-01, 9.70029970e-01, 9.70029970e-01, 9.71028971e-01, 9.71028971e-01, 9.72027972e-01, 9.72027972e-01, 9.73026973e-01, 9.73026973e-01, 9.74025974e-01, 9.74025974e-01, 9.75024975e-01, 9.75024975e-01, 9.76023976e-01, 9.76023976e-01, 9.77022977e-01, 9.77022977e-01, 9.78021978e-01, 9.78021978e-01, 9.79020979e-01, 9.79020979e-01, 9.80019980e-01, 9.80019980e-01, 9.81018981e-01, 9.81018981e-01, 9.82017982e-01, 9.82017982e-01, 9.83016983e-01, 9.83016983e-01, 9.84015984e-01, 9.84015984e-01, 9.85014985e-01, 9.85014985e-01, 9.86013986e-01, 9.86013986e-01, 9.87012987e-01, 9.87012987e-01, 9.88011988e-01, 9.88011988e-01, 9.89010989e-01, 9.89010989e-01, 9.90009990e-01, 9.90009990e-01, 9.91008991e-01, 9.91008991e-01, 9.92007992e-01, 9.92007992e-01, 9.93006993e-01, 9.93006993e-01, 9.94005994e-01, 9.94005994e-01, 9.95004995e-01, 9.95004995e-01, 9.96003996e-01, 9.96003996e-01, 9.97002997e-01, 9.97002997e-01, 9.98001998e-01, 9.98001998e-01, 9.99000999e-01, 9.99000999e-01, 1.00000000e+00, 1.00000000e+00]
	FPR       = [0.00000000e+00, 0.00000000e+00, 2.02704072e-05, 2.02704072e-05, 4.05408145e-05, 4.05408145e-05, 1.01352036e-04, 1.01352036e-04, 1.21622443e-04, 1.21622443e-04, 1.41892851e-04, 1.41892851e-04, 1.62163258e-04, 1.62163258e-04, 1.82433665e-04, 1.82433665e-04, 2.02704072e-04, 2.02704072e-04, 2.22974480e-04, 2.22974480e-04, 2.43244887e-04, 2.43244887e-04, 2.63515294e-04, 2.63515294e-04, 2.83785701e-04, 2.83785701e-04, 3.04056108e-04, 3.04056108e-04, 3.24326516e-04, 3.24326516e-04, 3.44596923e-04, 3.44596923e-04, 3.64867330e-04, 3.64867330e-04, 4.05408145e-04, 4.05408145e-04, 4.25678552e-04, 4.25678552e-04, 4.66219366e-04, 4.66219366e-04, 4.86489774e-04, 4.86489774e-04, 5.06760181e-04, 5.06760181e-04, 5.27030588e-04, 5.27030588e-04, 5.47300995e-04, 5.47300995e-04, 5.87841810e-04, 5.87841810e-04, 6.08112217e-04, 6.08112217e-04, 6.28382624e-04, 6.28382624e-04, 6.48653031e-04, 6.48653031e-04, 7.09464253e-04, 7.09464253e-04, 7.50005068e-04, 7.50005068e-04, 7.70275475e-04, 7.70275475e-04, 7.90545882e-04, 7.90545882e-04, 8.51357104e-04, 8.51357104e-04, 8.91897918e-04, 8.91897918e-04, 9.32438733e-04, 9.32438733e-04, 9.72979547e-04, 9.72979547e-04, 9.93249954e-04, 9.93249954e-04, 1.03379077e-03, 1.03379077e-03, 1.05406118e-03, 1.05406118e-03, 1.07433158e-03, 1.07433158e-03, 1.09460199e-03, 1.09460199e-03, 1.15541321e-03, 1.15541321e-03, 1.17568362e-03, 1.17568362e-03, 1.19595403e-03, 1.19595403e-03, 1.21622443e-03, 1.21622443e-03, 1.23649484e-03, 1.23649484e-03, 1.27703566e-03, 1.27703566e-03, 1.29730606e-03, 1.29730606e-03, 1.31757647e-03, 1.31757647e-03, 1.37838769e-03, 1.37838769e-03, 1.39865810e-03, 1.39865810e-03, 1.54055095e-03, 1.54055095e-03, 1.56082136e-03, 1.56082136e-03, 1.60136217e-03, 1.60136217e-03, 1.62163258e-03, 1.62163258e-03, 1.64190299e-03, 1.64190299e-03, 1.70271421e-03, 1.70271421e-03, 1.72298461e-03, 1.72298461e-03, 1.74325502e-03, 1.74325502e-03, 1.76352543e-03, 1.76352543e-03, 1.78379584e-03, 1.78379584e-03, 1.84460706e-03, 1.84460706e-03, 1.86487747e-03, 1.86487747e-03, 1.88514787e-03, 1.88514787e-03, 1.90541828e-03, 1.90541828e-03, 1.94595909e-03, 1.94595909e-03, 1.96622950e-03, 1.96622950e-03, 1.98649991e-03, 1.98649991e-03, 2.08785194e-03, 2.08785194e-03, 2.14866317e-03, 2.14866317e-03, 2.16893357e-03, 2.16893357e-03, 2.20947439e-03, 2.20947439e-03, 2.33109683e-03, 2.33109683e-03, 2.39190805e-03, 2.39190805e-03, 2.41217846e-03, 2.41217846e-03, 2.43244887e-03, 2.43244887e-03, 2.45271928e-03, 2.45271928e-03, 2.51353050e-03, 2.51353050e-03, 2.55407131e-03, 2.55407131e-03, 2.59461213e-03, 2.59461213e-03, 2.65542335e-03, 2.65542335e-03, 2.71623457e-03, 2.71623457e-03, 2.81758661e-03, 2.81758661e-03, 2.85812742e-03, 2.85812742e-03, 2.91893864e-03, 2.91893864e-03, 3.06083149e-03, 3.06083149e-03, 3.12164271e-03, 3.12164271e-03, 3.28380597e-03, 3.28380597e-03, 3.32434679e-03, 3.32434679e-03, 3.36488760e-03, 3.36488760e-03, 3.38515801e-03, 3.38515801e-03, 3.58786208e-03, 3.58786208e-03, 3.66894371e-03, 3.66894371e-03, 3.68921412e-03, 3.68921412e-03, 3.70948452e-03, 3.70948452e-03, 3.95272941e-03, 3.95272941e-03, 4.09462226e-03, 4.09462226e-03, 4.11489267e-03, 4.11489267e-03, 4.21624470e-03, 4.21624470e-03, 4.39867837e-03, 4.39867837e-03, 4.47976000e-03, 4.47976000e-03, 4.56084163e-03, 4.56084163e-03, 4.68246407e-03, 4.68246407e-03, 4.90543855e-03, 4.90543855e-03, 4.94597936e-03, 4.94597936e-03, 5.08787222e-03, 5.08787222e-03, 5.12841303e-03, 5.12841303e-03, 5.22976507e-03, 5.22976507e-03, 5.25003547e-03, 5.25003547e-03, 5.27030588e-03, 5.27030588e-03, 5.39192832e-03, 5.39192832e-03, 5.43246914e-03, 5.43246914e-03, 5.55409158e-03, 5.55409158e-03, 5.61490280e-03, 5.61490280e-03, 6.14193339e-03, 6.14193339e-03, 6.64869357e-03, 6.64869357e-03, 6.75004561e-03, 6.75004561e-03, 7.17572416e-03, 7.17572416e-03, 7.52032108e-03, 7.52032108e-03, 7.60140271e-03, 7.60140271e-03, 7.72302516e-03, 7.72302516e-03, 7.90545882e-03, 7.90545882e-03, 7.98654045e-03, 7.98654045e-03, 8.04735167e-03, 8.04735167e-03, 8.37167819e-03, 8.37167819e-03, 9.50682099e-03, 9.50682099e-03, 9.70952506e-03, 9.70952506e-03, 1.00946628e-02, 1.00946628e-02, 1.11284536e-02, 1.11284536e-02, 1.19798107e-02, 1.19798107e-02, 1.33379280e-02, 1.33379280e-02, 1.43311779e-02, 1.43311779e-02, 1.50203718e-02, 1.50203718e-02, 1.59528105e-02, 1.59528105e-02, 1.98244583e-02, 1.98244583e-02, 1.99460807e-02, 1.99460807e-02, 2.04933817e-02, 2.04933817e-02, 2.10609531e-02, 2.10609531e-02, 2.35339428e-02, 2.35339428e-02, 2.40407030e-02, 2.40407030e-02, 2.55812539e-02, 2.55812539e-02, 2.59258509e-02, 2.59258509e-02, 2.75880242e-02, 2.75880242e-02, 2.88042487e-02, 2.88042487e-02, 3.30002230e-02, 3.30002230e-02, 3.81489064e-02, 3.81489064e-02, 3.87367482e-02, 3.87367482e-02, 4.26286664e-02, 4.26286664e-02, 6.66288286e-02, 6.66288286e-02, 8.55613889e-02, 8.55613889e-02, 1.05649362e-01, 1.05649362e-01, 1.00000000e+00]
	ROC_thres = [ 2.34614667,  7.58751754,  7.59263854,  9.99196546,  9.99232757, 10.31710956, 10.34459382, 10.44226983, 10.44522678, 10.72393989, 10.73320327, 10.83110404, 10.83662341, 11.05466908, 11.05946425, 11.12102916, 11.12363212, 11.46354302, 11.46534561, 11.55171217, 11.5525427 , 11.61434333, 11.62216037, 11.66677563, 11.66703447, 11.87844511, 11.88106784, 12.03198152, 12.05656938, 12.10400694, 12.12889805, 12.17156408, 12.1964744 , 12.47871053, 12.49322029, 12.56527488, 12.58140423, 12.60469125, 12.63057774, 12.81014981, 12.81286919, 12.83861574, 12.85765105, 12.97150251, 12.97328431, 13.04802564, 13.06266977, 13.18105502, 13.19098001, 13.20334347, 13.21497849, 13.24919966, 13.25344619, 13.28016084, 13.28217823, 13.29333442, 13.36510129, 13.37368379, 13.42758124, 13.49959325, 13.54037639, 13.59606083, 13.61169856, 13.64826168, 13.67500378, 13.689099  , 13.71652831, 13.72730537, 13.73214855, 13.73886485, 13.74411861, 13.78602693, 13.78660587, 13.85247598, 13.87783979, 13.93431578, 13.93711237, 13.99473648, 13.99771574, 14.03994031, 14.04388374, 14.07830377, 14.10853434, 14.11235473, 14.11936635, 14.14273714, 14.16124185, 14.18381421, 14.19444159, 14.19924366, 14.20258983, 14.24906781, 14.25295648, 14.28969421, 14.30315776, 14.33950837, 14.35167787, 14.3706008 , 14.41347715, 14.42746001, 14.42998755, 14.4500762 , 14.48521183, 14.5078136 , 14.51251187, 14.54376781, 14.59426989, 14.60922894, 14.61038787, 14.61256966, 14.62549781, 14.65581802, 14.68389991, 14.71719115, 14.72682078, 14.75866035, 14.76518989, 14.77434265, 14.79806512, 14.84159466, 14.85139454, 14.91678676, 14.98218122, 14.98310334, 14.99617421, 15.01155635, 15.01575002, 15.04939229, 15.06122973, 15.06677708, 15.10285079, 15.12295113, 15.12468583, 15.16965558, 15.2184241 , 15.22489359, 15.26011211, 15.28081802, 15.30068775, 15.31717958, 15.32583183, 15.35619311, 15.37472805, 15.38530615, 15.42999897, 15.44602395, 15.46300533, 15.46345814, 15.46459265, 15.46854989, 15.48287343, 15.48619995, 15.49178673, 15.49594645, 15.51482513, 15.52333123, 15.54590502, 15.54778306, 15.58502273, 15.62450044, 15.64179894, 15.64580636, 15.66021796, 15.67813515, 15.71657164, 15.74995331, 15.75910287, 15.76230819, 15.78526108, 15.79291606, 15.83681764, 15.8368853 , 15.87376191, 15.88709216, 15.98340635, 16.01523993, 16.05823288, 16.06272156, 16.07174352, 16.07270485, 16.0747612 , 16.08888144, 16.14645269, 16.15421974, 16.19815692, 16.2185476 , 16.2211181 , 16.23749508, 16.2445081 , 16.25580249, 16.35979787, 16.36431192, 16.38841359, 16.39530197, 16.40249989, 16.40469614, 16.42890665, 16.45765226, 16.52316832, 16.53568105, 16.57946853, 16.58461571, 16.62460303, 16.62793024, 16.70314884, 16.72135901, 16.81680325, 16.81961346, 16.83228373, 16.83306353, 16.8760435 , 16.87796774, 16.90911662, 16.91757705, 16.97762124, 16.99765743, 16.9990432 , 17.00209556, 17.00664019, 17.0408244 , 17.09153091, 17.09426116, 17.10472157, 17.10982386, 17.15423584, 17.15706881, 17.16471515, 17.16549899, 17.36954607, 17.38001877, 17.5297148 , 17.53191371, 17.57390835, 17.57994835, 17.70164965, 17.70298149, 17.80045426, 17.82060313, 17.83373946, 17.83606751, 17.85323108, 17.86052552, 17.90071626, 17.91815487, 17.92659614, 17.93176109, 17.94768312, 17.94914836, 18.04242682, 18.04528408, 18.28712777, 18.29108103, 18.31981889, 18.32821566, 18.406457  , 18.41277671, 18.62975437, 18.64451781, 18.80789626, 18.80835417, 19.02382571, 19.02659784, 19.21013592, 19.21045815, 19.32476246, 19.32581767, 19.50708256, 19.51341766, 20.00042337, 20.0111006 , 20.02361033, 20.02491504, 20.114086  , 20.11524125, 20.19019427, 20.19104486, 20.4814564 , 20.48363613, 20.52380962, 20.53059739, 20.68926491, 20.69140085, 20.71696559, 20.72252965, 20.86098069, 20.86306166, 20.96382116, 20.96583446, 21.38233301, 21.38259526, 21.78174194, 21.78249473, 21.8252082 , 21.82645914, 22.07646304, 22.07713952, 23.44210067, 23.44221398, 24.26486169, 24.26575281, 24.97991082, 24.98032714, 55.70045379]
	precision = [0.01988755, 0.01988794, 0.01988834, ..., 1.        , 1.        , 1.        ]
	recall    = [1.00000000e+00, 1.00000000e+00, 1.00000000e+00, ..., 1.99800200e-03, 9.99000999e-04, 0.00000000e+00]
	PR_thres  = [55.70045379, 54.45282535, 53.89367486, ...,  2.74738839,  2.59484549,  2.34614667]

snr = 3.0
	TPR       = [9.99000999e-04, 5.78421578e-01, 5.78421578e-01, 5.80419580e-01, 5.80419580e-01, 5.83416583e-01, 5.83416583e-01, 5.94405594e-01, 5.94405594e-01, 6.28371628e-01, 6.28371628e-01, 6.34365634e-01, 6.34365634e-01, 6.54345654e-01, 6.54345654e-01, 6.77322677e-01, 6.77322677e-01, 7.04295704e-01, 7.04295704e-01, 7.10289710e-01, 7.10289710e-01, 7.12287712e-01, 7.12287712e-01, 7.43256743e-01, 7.43256743e-01, 7.55244755e-01, 7.55244755e-01, 7.68231768e-01, 7.68231768e-01, 7.84215784e-01, 7.84215784e-01, 7.92207792e-01, 7.92207792e-01, 7.95204795e-01, 7.95204795e-01, 7.96203796e-01, 7.96203796e-01, 7.97202797e-01, 7.97202797e-01, 7.99200799e-01, 7.99200799e-01, 8.06193806e-01, 8.06193806e-01, 8.16183816e-01, 8.16183816e-01, 8.18181818e-01, 8.18181818e-01, 8.28171828e-01, 8.28171828e-01, 8.32167832e-01, 8.32167832e-01, 8.37162837e-01, 8.37162837e-01, 8.38161838e-01, 8.38161838e-01, 8.42157842e-01, 8.42157842e-01, 8.43156843e-01, 8.43156843e-01, 8.47152847e-01, 8.47152847e-01, 8.53146853e-01, 8.53146853e-01, 8.57142857e-01, 8.57142857e-01, 8.60139860e-01, 8.60139860e-01, 8.62137862e-01, 8.62137862e-01, 8.63136863e-01, 8.63136863e-01, 8.65134865e-01, 8.65134865e-01, 8.75124875e-01, 8.75124875e-01, 8.78121878e-01, 8.78121878e-01, 8.82117882e-01, 8.82117882e-01, 8.84115884e-01, 8.84115884e-01, 8.85114885e-01, 8.85114885e-01, 8.86113886e-01, 8.86113886e-01, 8.88111888e-01, 8.88111888e-01, 8.90109890e-01, 8.90109890e-01, 8.91108891e-01, 8.91108891e-01, 8.93106893e-01, 8.93106893e-01, 8.94105894e-01, 8.94105894e-01, 8.95104895e-01, 8.95104895e-01, 8.97102897e-01, 8.97102897e-01, 9.02097902e-01, 9.02097902e-01, 9.03096903e-01, 9.03096903e-01, 9.05094905e-01, 9.05094905e-01, 9.07092907e-01, 9.07092907e-01, 9.09090909e-01, 9.09090909e-01, 9.10089910e-01, 9.10089910e-01, 9.11088911e-01, 9.11088911e-01, 9.17082917e-01, 9.17082917e-01, 9.18081918e-01, 9.18081918e-01, 9.19080919e-01, 9.19080919e-01, 9.21078921e-01, 9.21078921e-01, 9.22077922e-01, 9.22077922e-01, 9.23076923e-01, 9.23076923e-01, 9.24075924e-01, 9.24075924e-01, 9.26073926e-01, 9.26073926e-01, 9.29070929e-01, 9.29070929e-01, 9.30069930e-01, 9.30069930e-01, 9.31068931e-01, 9.31068931e-01, 9.32067932e-01, 9.32067932e-01, 9.33066933e-01, 9.33066933e-01, 9.34065934e-01, 9.34065934e-01, 9.35064935e-01, 9.35064935e-01, 9.36063936e-01, 9.36063936e-01, 9.37062937e-01, 9.37062937e-01, 9.38061938e-01, 9.38061938e-01, 9.39060939e-01, 9.39060939e-01, 9.40059940e-01, 9.40059940e-01, 9.41058941e-01, 9.41058941e-01, 9.42057942e-01, 9.42057942e-01, 9.43056943e-01, 9.43056943e-01, 9.44055944e-01, 9.44055944e-01, 9.45054945e-01, 9.45054945e-01, 9.46053946e-01, 9.46053946e-01, 9.47052947e-01, 9.47052947e-01, 9.48051948e-01, 9.48051948e-01, 9.49050949e-01, 9.49050949e-01, 9.50049950e-01, 9.50049950e-01, 9.51048951e-01, 9.51048951e-01, 9.52047952e-01, 9.52047952e-01, 9.53046953e-01, 9.53046953e-01, 9.54045954e-01, 9.54045954e-01, 9.55044955e-01, 9.55044955e-01, 9.56043956e-01, 9.56043956e-01, 9.57042957e-01, 9.57042957e-01, 9.58041958e-01, 9.58041958e-01, 9.59040959e-01, 9.59040959e-01, 9.60039960e-01, 9.60039960e-01, 9.61038961e-01, 9.61038961e-01, 9.62037962e-01, 9.62037962e-01, 9.63036963e-01, 9.63036963e-01, 9.64035964e-01, 9.64035964e-01, 9.65034965e-01, 9.65034965e-01, 9.67032967e-01, 9.67032967e-01, 9.68031968e-01, 9.68031968e-01, 9.69030969e-01, 9.69030969e-01, 9.70029970e-01, 9.70029970e-01, 9.71028971e-01, 9.71028971e-01, 9.72027972e-01, 9.72027972e-01, 9.73026973e-01, 9.73026973e-01, 9.74025974e-01, 9.74025974e-01, 9.75024975e-01, 9.75024975e-01, 9.76023976e-01, 9.76023976e-01, 9.77022977e-01, 9.77022977e-01, 9.78021978e-01, 9.78021978e-01, 9.79020979e-01, 9.79020979e-01, 9.80019980e-01, 9.80019980e-01, 9.81018981e-01, 9.81018981e-01, 9.82017982e-01, 9.82017982e-01, 9.83016983e-01, 9.83016983e-01, 9.84015984e-01, 9.84015984e-01, 9.85014985e-01, 9.85014985e-01, 9.86013986e-01, 9.86013986e-01, 9.88011988e-01, 9.88011988e-01, 9.89010989e-01, 9.89010989e-01, 9.90009990e-01, 9.90009990e-01, 9.91008991e-01, 9.91008991e-01, 9.92007992e-01, 9.92007992e-01, 9.93006993e-01, 9.93006993e-01, 9.94005994e-01, 9.94005994e-01, 9.95004995e-01, 9.95004995e-01, 9.96003996e-01, 9.96003996e-01, 9.97002997e-01, 9.97002997e-01, 9.98001998e-01, 9.98001998e-01, 9.99000999e-01, 9.99000999e-01, 1.00000000e+00, 1.00000000e+00]
	FPR       = [0.00000000e+00, 0.00000000e+00, 4.84381130e-06, 4.84381130e-06, 9.68762261e-06, 9.68762261e-06, 1.45314339e-05, 1.45314339e-05, 1.93752452e-05, 1.93752452e-05, 2.90628678e-05, 2.90628678e-05, 3.39066791e-05, 3.39066791e-05, 3.87504904e-05, 3.87504904e-05, 4.35943017e-05, 4.35943017e-05, 4.84381130e-05, 4.84381130e-05, 5.32819243e-05, 5.32819243e-05, 5.81257357e-05, 5.81257357e-05, 6.29695470e-05, 6.29695470e-05, 6.78133583e-05, 6.78133583e-05, 7.26571696e-05, 7.26571696e-05, 7.75009809e-05, 7.75009809e-05, 8.23447922e-05, 8.23447922e-05, 9.20324148e-05, 9.20324148e-05, 9.68762261e-05, 9.68762261e-05, 1.01720037e-04, 1.01720037e-04, 1.06563849e-04, 1.06563849e-04, 1.11407660e-04, 1.11407660e-04, 1.35626717e-04, 1.35626717e-04, 1.50158150e-04, 1.50158150e-04, 1.55001962e-04, 1.55001962e-04, 1.59845773e-04, 1.59845773e-04, 1.69533396e-04, 1.69533396e-04, 1.74377207e-04, 1.74377207e-04, 1.84064830e-04, 1.84064830e-04, 1.93752452e-04, 1.93752452e-04, 1.98596263e-04, 1.98596263e-04, 2.03440075e-04, 2.03440075e-04, 2.13127697e-04, 2.13127697e-04, 2.22815320e-04, 2.22815320e-04, 2.32502943e-04, 2.32502943e-04, 2.37346754e-04, 2.37346754e-04, 2.47034377e-04, 2.47034377e-04, 2.51878188e-04, 2.51878188e-04, 2.71253433e-04, 2.71253433e-04, 3.00316301e-04, 3.00316301e-04, 3.05160112e-04, 3.05160112e-04, 3.10003923e-04, 3.10003923e-04, 3.14847735e-04, 3.14847735e-04, 3.19691546e-04, 3.19691546e-04, 3.24535357e-04, 3.24535357e-04, 3.34222980e-04, 3.34222980e-04, 3.58442037e-04, 3.58442037e-04, 3.82661093e-04, 3.82661093e-04, 3.92348716e-04, 3.92348716e-04, 3.97192527e-04, 3.97192527e-04, 4.06880150e-04, 4.06880150e-04, 4.16567772e-04, 4.16567772e-04, 4.31099206e-04, 4.31099206e-04, 4.35943017e-04, 4.35943017e-04, 4.69849697e-04, 4.69849697e-04, 4.74693508e-04, 4.74693508e-04, 4.79537319e-04, 4.79537319e-04, 4.84381130e-04, 4.84381130e-04, 4.89224942e-04, 4.89224942e-04, 5.08600187e-04, 5.08600187e-04, 5.32819243e-04, 5.32819243e-04, 5.42506866e-04, 5.42506866e-04, 5.52194489e-04, 5.52194489e-04, 5.57038300e-04, 5.57038300e-04, 5.71569734e-04, 5.71569734e-04, 6.05476413e-04, 6.05476413e-04, 6.15164036e-04, 6.15164036e-04, 6.24851658e-04, 6.24851658e-04, 6.49070715e-04, 6.49070715e-04, 6.63602149e-04, 6.63602149e-04, 6.68445960e-04, 6.68445960e-04, 6.97508828e-04, 6.97508828e-04, 7.41103130e-04, 7.41103130e-04, 7.55634563e-04, 7.55634563e-04, 8.33135544e-04, 8.33135544e-04, 8.91261280e-04, 8.91261280e-04, 8.96105091e-04, 8.96105091e-04, 9.20324148e-04, 9.20324148e-04, 9.25167959e-04, 9.25167959e-04, 9.39699393e-04, 9.39699393e-04, 9.68762261e-04, 9.68762261e-04, 9.83293695e-04, 9.83293695e-04, 1.01720037e-03, 1.01720037e-03, 1.04626324e-03, 1.04626324e-03, 1.05595086e-03, 1.05595086e-03, 1.10923279e-03, 1.10923279e-03, 1.19642139e-03, 1.19642139e-03, 1.26423475e-03, 1.26423475e-03, 1.33689192e-03, 1.33689192e-03, 1.44345577e-03, 1.44345577e-03, 1.48220626e-03, 1.48220626e-03, 1.50158150e-03, 1.50158150e-03, 1.52095675e-03, 1.52095675e-03, 1.60330154e-03, 1.60330154e-03, 1.66627109e-03, 1.66627109e-03, 1.84064830e-03, 1.84064830e-03, 1.89877403e-03, 1.89877403e-03, 2.01502550e-03, 2.01502550e-03, 2.15065222e-03, 2.15065222e-03, 2.15549603e-03, 2.15549603e-03, 2.35893611e-03, 2.35893611e-03, 2.41221803e-03, 2.41221803e-03, 2.51878188e-03, 2.51878188e-03, 2.53331331e-03, 2.53331331e-03, 2.58659524e-03, 2.58659524e-03, 2.59143905e-03, 2.59143905e-03, 2.84331724e-03, 2.84331724e-03, 2.87238010e-03, 2.87238010e-03, 3.12910210e-03, 3.12910210e-03, 3.23566595e-03, 3.23566595e-03, 3.26472882e-03, 3.26472882e-03, 3.70067184e-03, 3.70067184e-03, 3.89926810e-03, 3.89926810e-03, 3.95739384e-03, 3.95739384e-03, 4.02036338e-03, 4.02036338e-03, 4.02520719e-03, 4.02520719e-03, 4.04458244e-03, 4.04458244e-03, 4.13177104e-03, 4.13177104e-03, 4.32067968e-03, 4.32067968e-03, 4.91646847e-03, 4.91646847e-03, 4.94068753e-03, 4.94068753e-03, 5.00365708e-03, 5.00365708e-03, 5.52678870e-03, 5.52678870e-03, 7.59993994e-03, 7.59993994e-03, 8.63167174e-03, 8.63167174e-03, 9.13058431e-03, 9.13058431e-03, 9.31464914e-03, 9.31464914e-03, 1.00266894e-02, 1.00266894e-02, 1.00315332e-02, 1.00315332e-02, 1.12134232e-02, 1.12134232e-02, 1.31267286e-02, 1.31267286e-02, 1.57278553e-02, 1.57278553e-02, 2.37782697e-02, 2.37782697e-02, 7.79950496e-02, 7.79950496e-02, 1.00000000e+00]
	ROC_thres = [ 2.07848616, 12.01533989, 12.02144038, 12.0452627 , 12.05187448, 12.08985514, 12.10698364, 12.24487724, 12.26495315, 12.54502947, 12.55622503, 12.60947899, 12.63025877, 12.86690259, 12.8896807 , 13.04311805, 13.05310593, 13.42310228, 13.43851122, 13.47684693, 13.51532046, 13.52796186, 13.53151037, 13.80407622, 13.81121368, 13.98924841, 14.00021813, 14.12350076, 14.13527652, 14.2893175 , 14.29837798, 14.40742718, 14.43879634, 14.47501265, 14.4952054 , 14.50869265, 14.51665182, 14.51898926, 14.52784569, 14.57435144, 14.58615368, 14.65538364, 14.66850779, 14.85576041, 14.93821335, 14.94682175, 14.9975184 , 15.12308464, 15.12344301, 15.17250234, 15.18026929, 15.25336187, 15.26630428, 15.29296294, 15.33251695, 15.39454083, 15.40794888, 15.47828371, 15.48458273, 15.52095821, 15.52419525, 15.68314063, 15.71444842, 15.77711435, 15.79670139, 15.84730372, 15.91934203, 15.93232799, 15.96404916, 15.97576773, 15.97737424, 15.98256228, 15.99882135, 16.10783035, 16.11640141, 16.14364035, 16.18822176, 16.2317507 , 16.2826008 , 16.30522982, 16.33229201, 16.33753764, 16.35990202, 16.38858357, 16.39190242, 16.45318304, 16.47063243, 16.50012811, 16.50775748, 16.52758998, 16.54267616, 16.56126137, 16.60636756, 16.62999833, 16.66268581, 16.70601461, 16.75666456, 16.83559991, 16.84084074, 16.87293858, 16.89971297, 16.92462438, 16.92898836, 16.94016643, 17.00240806, 17.00382901, 17.03007576, 17.04600977, 17.08388352, 17.08622735, 17.10954005, 17.11501863, 17.11823433, 17.22223386, 17.2341408 , 17.24273287, 17.31663364, 17.33248944, 17.4111604 , 17.43175661, 17.48808712, 17.49429857, 17.5001156 , 17.50797294, 17.52033591, 17.52188855, 17.54409643, 17.56749214, 17.58564607, 17.6694457 , 17.80045665, 17.8030712 , 17.81685413, 17.81806462, 17.83840907, 17.84336552, 17.87434185, 17.87664878, 17.89185971, 17.90365189, 17.90477266, 17.90912151, 17.96546783, 17.96999187, 18.02512942, 18.033959  , 18.04420883, 18.04666142, 18.20137554, 18.20965585, 18.29084769, 18.29603268, 18.30956688, 18.3101661 , 18.34154498, 18.34401155, 18.35273739, 18.35312718, 18.37554789, 18.37577232, 18.4252062 , 18.4318493 , 18.47088987, 18.47136275, 18.53680167, 18.54485269, 18.57790722, 18.57816175, 18.58105682, 18.6050188 , 18.71227138, 18.73028061, 18.87797185, 18.88404969, 18.95466812, 18.96243806, 19.07406903, 19.08416557, 19.22187867, 19.23788864, 19.26525406, 19.27368734, 19.2847842 , 19.29729771, 19.3104665 , 19.31310049, 19.47025867, 19.49188664, 19.58892003, 19.59278233, 19.78656601, 19.7945334 , 19.84173761, 19.84185329, 19.95773972, 19.95929658, 20.10492294, 20.10704153, 20.10778846, 20.10925583, 20.29196541, 20.29198758, 20.32605875, 20.32824154, 20.41774857, 20.42525379, 20.43135292, 20.43316826, 20.49008271, 20.49153949, 20.49367276, 20.50058199, 20.69554233, 20.70065037, 20.72815766, 20.73019573, 20.88943223, 20.89175193, 20.97144864, 20.98188185, 21.00027903, 21.00051799, 21.25286234, 21.25507711, 21.38793385, 21.39796013, 21.44259975, 21.45020218, 21.48010404, 21.48617088, 21.48772496, 21.49315142, 21.49832268, 21.49928968, 21.54020515, 21.54134643, 21.59678005, 21.59789094, 21.88845502, 21.88878503, 21.90006572, 21.9008571 , 21.94616287, 21.9489636 , 22.1916179 , 22.19593556, 22.93117075, 22.93160236, 23.20373037, 23.20378852, 23.36477148, 23.36577901, 23.40975999, 23.41163161, 23.57668117, 23.57876603, 23.57976758, 23.58034908, 23.82670582, 23.8277962 , 24.19206672, 24.19252336, 24.66042841, 24.66053539, 25.74261551, 25.74289267, 29.32264426, 29.32267419, 61.88379373]
	precision = [0.00482528, 0.00482531, 0.00482533, ..., 1.        , 1.        , 1.        ]
	recall    = [1.00000000e+00, 1.00000000e+00, 1.00000000e+00, ..., 1.99800200e-03, 9.99000999e-04, 0.00000000e+00]
	PR_thres  = [61.88379373, 60.82910348, 60.8049564 , ...,  3.37112944,  3.27391179,  2.07848616]

snr = 3.5
	TPR       = [9.99000999e-04, 3.05694306e-01, 3.05694306e-01, 3.85614386e-01, 3.85614386e-01, 5.10489510e-01, 5.10489510e-01, 5.95404595e-01, 5.95404595e-01, 6.00399600e-01, 6.00399600e-01, 6.05394605e-01, 6.05394605e-01, 6.09390609e-01, 6.09390609e-01, 6.41358641e-01, 6.41358641e-01, 6.42357642e-01, 6.42357642e-01, 6.62337662e-01, 6.62337662e-01, 6.97302697e-01, 6.97302697e-01, 7.32267732e-01, 7.32267732e-01, 7.41258741e-01, 7.41258741e-01, 7.43256743e-01, 7.43256743e-01, 7.56243756e-01, 7.56243756e-01, 7.59240759e-01, 7.59240759e-01, 7.61238761e-01, 7.61238761e-01, 7.69230769e-01, 7.69230769e-01, 7.73226773e-01, 7.73226773e-01, 7.74225774e-01, 7.74225774e-01, 8.10189810e-01, 8.10189810e-01, 8.11188811e-01, 8.11188811e-01, 8.16183816e-01, 8.16183816e-01, 8.17182817e-01, 8.17182817e-01, 8.19180819e-01, 8.19180819e-01, 8.20179820e-01, 8.20179820e-01, 8.21178821e-01, 8.21178821e-01, 8.24175824e-01, 8.24175824e-01, 8.30169830e-01, 8.30169830e-01, 8.39160839e-01, 8.39160839e-01, 8.42157842e-01, 8.42157842e-01, 8.44155844e-01, 8.44155844e-01, 8.46153846e-01, 8.46153846e-01, 8.48151848e-01, 8.48151848e-01, 8.49150849e-01, 8.49150849e-01, 8.51148851e-01, 8.51148851e-01, 8.53146853e-01, 8.53146853e-01, 8.54145854e-01, 8.54145854e-01, 8.55144855e-01, 8.55144855e-01, 8.58141858e-01, 8.58141858e-01, 8.59140859e-01, 8.59140859e-01, 8.61138861e-01, 8.61138861e-01, 8.65134865e-01, 8.65134865e-01, 8.67132867e-01, 8.67132867e-01, 8.69130869e-01, 8.69130869e-01, 8.70129870e-01, 8.70129870e-01, 8.73126873e-01, 8.73126873e-01, 8.74125874e-01, 8.74125874e-01, 8.76123876e-01, 8.76123876e-01, 8.77122877e-01, 8.77122877e-01, 8.81118881e-01, 8.81118881e-01, 8.83116883e-01, 8.83116883e-01, 8.84115884e-01, 8.84115884e-01, 8.85114885e-01, 8.85114885e-01, 8.86113886e-01, 8.86113886e-01, 8.94105894e-01, 8.94105894e-01, 8.95104895e-01, 8.95104895e-01, 8.96103896e-01, 8.96103896e-01, 8.98101898e-01, 8.98101898e-01, 8.99100899e-01, 8.99100899e-01, 9.02097902e-01, 9.02097902e-01, 9.10089910e-01, 9.10089910e-01, 9.12087912e-01, 9.12087912e-01, 9.14085914e-01, 9.14085914e-01, 9.16083916e-01, 9.16083916e-01, 9.17082917e-01, 9.17082917e-01, 9.19080919e-01, 9.19080919e-01, 9.26073926e-01, 9.26073926e-01, 9.27072927e-01, 9.27072927e-01, 9.28071928e-01, 9.28071928e-01, 9.29070929e-01, 9.29070929e-01, 9.30069930e-01, 9.30069930e-01, 9.31068931e-01, 9.31068931e-01, 9.32067932e-01, 9.32067932e-01, 9.34065934e-01, 9.34065934e-01, 9.35064935e-01, 9.35064935e-01, 9.36063936e-01, 9.36063936e-01, 9.37062937e-01, 9.37062937e-01, 9.38061938e-01, 9.38061938e-01, 9.40059940e-01, 9.40059940e-01, 9.41058941e-01, 9.41058941e-01, 9.42057942e-01, 9.42057942e-01, 9.43056943e-01, 9.43056943e-01, 9.44055944e-01, 9.44055944e-01, 9.45054945e-01, 9.45054945e-01, 9.46053946e-01, 9.46053946e-01, 9.47052947e-01, 9.47052947e-01, 9.48051948e-01, 9.48051948e-01, 9.49050949e-01, 9.49050949e-01, 9.50049950e-01, 9.50049950e-01, 9.51048951e-01, 9.51048951e-01, 9.52047952e-01, 9.52047952e-01, 9.54045954e-01, 9.54045954e-01, 9.55044955e-01, 9.55044955e-01, 9.56043956e-01, 9.56043956e-01, 9.57042957e-01, 9.57042957e-01, 9.59040959e-01, 9.59040959e-01, 9.60039960e-01, 9.60039960e-01, 9.61038961e-01, 9.61038961e-01, 9.62037962e-01, 9.62037962e-01, 9.63036963e-01, 9.63036963e-01, 9.64035964e-01, 9.64035964e-01, 9.65034965e-01, 9.65034965e-01, 9.66033966e-01, 9.66033966e-01, 9.67032967e-01, 9.67032967e-01, 9.69030969e-01, 9.69030969e-01, 9.70029970e-01, 9.70029970e-01, 9.71028971e-01, 9.71028971e-01, 9.72027972e-01, 9.72027972e-01, 9.73026973e-01, 9.73026973e-01, 9.74025974e-01, 9.74025974e-01, 9.75024975e-01, 9.75024975e-01, 9.76023976e-01, 9.76023976e-01, 9.77022977e-01, 9.77022977e-01, 9.78021978e-01, 9.78021978e-01, 9.79020979e-01, 9.79020979e-01, 9.80019980e-01, 9.80019980e-01, 9.81018981e-01, 9.81018981e-01, 9.82017982e-01, 9.82017982e-01, 9.83016983e-01, 9.83016983e-01, 9.84015984e-01, 9.84015984e-01, 9.85014985e-01, 9.85014985e-01, 9.86013986e-01, 9.86013986e-01, 9.87012987e-01, 9.87012987e-01, 9.88011988e-01, 9.88011988e-01, 9.89010989e-01, 9.89010989e-01, 9.90009990e-01, 9.90009990e-01, 9.91008991e-01, 9.91008991e-01, 9.92007992e-01, 9.92007992e-01, 9.93006993e-01, 9.93006993e-01, 9.94005994e-01, 9.94005994e-01, 9.95004995e-01, 9.95004995e-01, 9.96003996e-01, 9.96003996e-01, 9.97002997e-01, 9.97002997e-01, 9.98001998e-01, 9.98001998e-01, 9.99000999e-01, 9.99000999e-01, 1.00000000e+00, 1.00000000e+00]
	FPR       = [0.00000000e+00, 0.00000000e+00, 7.50554660e-07, 7.50554660e-07, 1.50110932e-06, 1.50110932e-06, 2.25166398e-06, 2.25166398e-06, 3.00221864e-06, 3.00221864e-06, 3.75277330e-06, 3.75277330e-06, 4.50332796e-06, 4.50332796e-06, 5.25388262e-06, 5.25388262e-06, 6.00443728e-06, 6.00443728e-06, 6.75499194e-06, 6.75499194e-06, 7.50554660e-06, 7.50554660e-06, 9.00665592e-06, 9.00665592e-06, 9.75721058e-06, 9.75721058e-06, 1.05077652e-05, 1.05077652e-05, 1.12583199e-05, 1.12583199e-05, 1.20088746e-05, 1.20088746e-05, 1.27594292e-05, 1.27594292e-05, 1.35099839e-05, 1.35099839e-05, 1.50110932e-05, 1.50110932e-05, 1.57616479e-05, 1.57616479e-05, 1.65122025e-05, 1.65122025e-05, 1.80133118e-05, 1.80133118e-05, 1.87638665e-05, 1.87638665e-05, 1.95144212e-05, 1.95144212e-05, 2.02649758e-05, 2.02649758e-05, 2.10155305e-05, 2.10155305e-05, 2.25166398e-05, 2.25166398e-05, 2.32671945e-05, 2.32671945e-05, 2.40177491e-05, 2.40177491e-05, 2.47683038e-05, 2.47683038e-05, 2.55188584e-05, 2.55188584e-05, 2.62694131e-05, 2.62694131e-05, 2.70199678e-05, 2.70199678e-05, 2.85210771e-05, 2.85210771e-05, 2.92716317e-05, 2.92716317e-05, 3.07727411e-05, 3.07727411e-05, 3.15232957e-05, 3.15232957e-05, 3.22738504e-05, 3.22738504e-05, 3.45255144e-05, 3.45255144e-05, 3.60266237e-05, 3.60266237e-05, 3.67771783e-05, 3.67771783e-05, 3.75277330e-05, 3.75277330e-05, 3.82782877e-05, 3.82782877e-05, 3.97793970e-05, 3.97793970e-05, 4.05299516e-05, 4.05299516e-05, 4.27816156e-05, 4.27816156e-05, 4.35321703e-05, 4.35321703e-05, 4.42827249e-05, 4.42827249e-05, 4.50332796e-05, 4.50332796e-05, 4.80354982e-05, 4.80354982e-05, 4.87860529e-05, 4.87860529e-05, 5.10377169e-05, 5.10377169e-05, 5.17882715e-05, 5.17882715e-05, 5.25388262e-05, 5.25388262e-05, 5.47904902e-05, 5.47904902e-05, 5.92938181e-05, 5.92938181e-05, 6.15454821e-05, 6.15454821e-05, 6.22960368e-05, 6.22960368e-05, 6.45477008e-05, 6.45477008e-05, 6.52982554e-05, 6.52982554e-05, 6.83004741e-05, 6.83004741e-05, 6.98015834e-05, 6.98015834e-05, 7.05521380e-05, 7.05521380e-05, 7.20532473e-05, 7.20532473e-05, 7.28038020e-05, 7.28038020e-05, 7.73071300e-05, 7.73071300e-05, 8.25610126e-05, 8.25610126e-05, 8.55632312e-05, 8.55632312e-05, 8.78148952e-05, 8.78148952e-05, 9.00665592e-05, 9.00665592e-05, 9.30687778e-05, 9.30687778e-05, 9.75721058e-05, 9.75721058e-05, 1.07329316e-04, 1.07329316e-04, 1.12583199e-04, 1.12583199e-04, 1.17086527e-04, 1.17086527e-04, 1.23841519e-04, 1.23841519e-04, 1.24592074e-04, 1.24592074e-04, 1.32848175e-04, 1.32848175e-04, 1.34349284e-04, 1.34349284e-04, 1.36600948e-04, 1.36600948e-04, 1.37351503e-04, 1.37351503e-04, 1.42605385e-04, 1.42605385e-04, 1.52362596e-04, 1.52362596e-04, 1.53863705e-04, 1.53863705e-04, 1.54614260e-04, 1.54614260e-04, 1.66623134e-04, 1.66623134e-04, 1.68124244e-04, 1.68124244e-04, 1.75629790e-04, 1.75629790e-04, 1.81634228e-04, 1.81634228e-04, 1.87638665e-04, 1.87638665e-04, 1.90640884e-04, 1.90640884e-04, 2.10905859e-04, 2.10905859e-04, 2.11656414e-04, 2.11656414e-04, 2.17660851e-04, 2.17660851e-04, 2.19912515e-04, 2.19912515e-04, 2.34173054e-04, 2.34173054e-04, 2.58941358e-04, 2.58941358e-04, 2.84460216e-04, 2.84460216e-04, 2.87462435e-04, 2.87462435e-04, 3.49007917e-04, 3.49007917e-04, 3.63268455e-04, 3.63268455e-04, 3.73025666e-04, 3.73025666e-04, 3.88036759e-04, 3.88036759e-04, 4.02297298e-04, 4.02297298e-04, 4.24813937e-04, 4.24813937e-04, 4.36072257e-04, 4.36072257e-04, 4.53335015e-04, 4.53335015e-04, 4.97617740e-04, 4.97617740e-04, 5.29891590e-04, 5.29891590e-04, 5.81679861e-04, 5.81679861e-04, 5.97441509e-04, 5.97441509e-04, 6.09450384e-04, 6.09450384e-04, 6.24461477e-04, 6.24461477e-04, 6.36470352e-04, 6.36470352e-04, 6.86757514e-04, 6.86757514e-04, 7.30289684e-04, 7.30289684e-04, 8.04594595e-04, 8.04594595e-04, 8.39120110e-04, 8.39120110e-04, 8.75146733e-04, 8.75146733e-04, 8.87155608e-04, 8.87155608e-04, 9.71217730e-04, 9.71217730e-04, 1.31422121e-03, 1.31422121e-03, 1.31722343e-03, 1.31722343e-03, 1.38027002e-03, 1.38027002e-03, 1.64071249e-03, 1.64071249e-03, 2.10530582e-03, 2.10530582e-03, 2.21113403e-03, 2.21113403e-03, 2.29369504e-03, 2.29369504e-03, 2.46407095e-03, 2.46407095e-03, 2.77630169e-03, 2.77630169e-03, 3.35798155e-03, 3.35798155e-03, 4.47405633e-03, 4.47405633e-03, 4.67445442e-03, 4.67445442e-03, 4.70072383e-03, 4.70072383e-03, 5.92337738e-03, 5.92337738e-03, 1.28690102e-02, 1.28690102e-02, 1.38935173e-02, 1.38935173e-02, 1.00000000e+00]
	ROC_thres = [ 3.34954842, 10.06330468, 10.07062847, 10.74553783, 10.76488379, 12.16778257, 12.17217226, 13.34182803, 13.34429245, 13.39813649, 13.40334929, 13.44916001, 13.45573435, 13.49675001, 13.50675681, 13.87982343, 13.90779405, 13.93283012, 13.94560926, 14.17697478, 14.17746085, 14.65654392, 14.68499985, 15.03008986, 15.03626665, 15.15173016, 15.15839364, 15.18120421, 15.18159373, 15.36941238, 15.37388261, 15.43553929, 15.44096253, 15.44727145, 15.46822272, 15.60410275, 15.63247493, 15.69905426, 15.72475322, 15.7315196 , 15.74629674, 16.24484031, 16.26593998, 16.26807013, 16.29044224, 16.33586184, 16.33906858, 16.37254801, 16.40622209, 16.41997655, 16.44740443, 16.46103786, 16.49025913, 16.49044594, 16.55970585, 16.59512701, 16.59985338, 16.644313  , 16.64801759, 16.78106602, 16.80938259, 16.86412456, 16.91377576, 16.92407333, 16.96846296, 17.02179254, 17.06912255, 17.09197993, 17.09484487, 17.10476672, 17.12252661, 17.1598102 , 17.18598664, 17.23385371, 17.26907712, 17.2708193 , 17.3091225 , 17.34220274, 17.35857127, 17.37872665, 17.42314255, 17.43977244, 17.46933709, 17.49097644, 17.50751451, 17.54507343, 17.5587314 , 17.59902999, 17.61307779, 17.64835365, 17.66949515, 17.68311938, 17.69824191, 17.73743257, 17.75158201, 17.76119379, 17.81669938, 17.8221092 , 17.94155943, 17.96656668, 17.99069442, 18.0441739 , 18.10541693, 18.13373809, 18.13551931, 18.13555215, 18.14063588, 18.1541908 , 18.20195873, 18.20277737, 18.35473913, 18.45643398, 18.4771776 , 18.50029536, 18.53800797, 18.54666999, 18.61093774, 18.64263738, 18.73428718, 18.74118376, 18.84867422, 18.88440336, 18.90512351, 18.97037   , 18.99312781, 19.01389208, 19.05615443, 19.12515298, 19.13504035, 19.16784762, 19.2336675 , 19.24280601, 19.27790088, 19.32593706, 19.40753123, 19.53662479, 19.57979903, 19.59330084, 19.6094022 , 19.61347516, 19.63887973, 19.64729343, 19.71841518, 19.7404971 , 19.8608228 , 19.86829372, 19.96038318, 19.98163143, 20.02560604, 20.03054051, 20.10295854, 20.1301809 , 20.13659219, 20.13942946, 20.21645173, 20.23061519, 20.23403001, 20.23702709, 20.25499478, 20.27500703, 20.27856733, 20.30341619, 20.37459564, 20.37751056, 20.45698357, 20.45832472, 20.46579055, 20.4716104 , 20.47642933, 20.48267666, 20.64343224, 20.65162756, 20.65394214, 20.66205243, 20.73634654, 20.74985135, 20.81461598, 20.8299311 , 20.91110375, 20.93197473, 20.97223441, 20.97777433, 21.13786775, 21.14231468, 21.14310695, 21.14757299, 21.16974265, 21.18776255, 21.21814285, 21.22161652, 21.31548055, 21.31628964, 21.49818494, 21.50207607, 21.6521316 , 21.65454181, 21.70780059, 21.70849627, 22.06761417, 22.07584669, 22.16831095, 22.17075708, 22.21015034, 22.21121865, 22.27515001, 22.27579048, 22.34340155, 22.34421645, 22.42202025, 22.4363361 , 22.47679292, 22.48060692, 22.55548645, 22.5576828 , 22.7312084 , 22.73341208, 22.85293472, 22.85354523, 23.02280589, 23.02526672, 23.07837859, 23.07919466, 23.12289985, 23.12386033, 23.15551805, 23.15703037, 23.1938076 , 23.19550405, 23.3356094 , 23.33673863, 23.44931009, 23.44937944, 23.60717689, 23.60739439, 23.68754238, 23.69327698, 23.76104515, 23.76192627, 23.78327549, 23.78444063, 23.97744261, 23.97781348, 24.68108625, 24.68147453, 24.69002205, 24.69046543, 24.76936689, 24.77064169, 25.16982903, 25.16991595, 25.730489  , 25.73120051, 25.82948162, 25.83026962, 25.92207548, 25.92220053, 26.08153052, 26.0815438 , 26.33539363, 26.33541535, 26.73509027, 26.73520982, 27.38013493, 27.38045229, 27.48757942, 27.48907311, 27.50093507, 27.50099907, 28.06378227, 28.06379879, 30.00074869, 30.00079583, 30.19999236, 30.20008669, 76.5110567 ]
	precision = [7.50741742e-04, 7.50742305e-04, 7.50742868e-04, ..., 1.00000000e+00, 1.00000000e+00, 1.00000000e+00]
	recall    = [1.00000000e+00, 1.00000000e+00, 1.00000000e+00, ..., 1.99800200e-03, 9.99000999e-04, 0.00000000e+00]
	PR_thres  = [76.5110567 , 73.84476099, 72.68512694, ...,  4.23623447,  3.56428274,  3.34954842]