PAC(128-71)
L = 8
T = 0  Error Count = 10000
Rate-profile = rm-polar
design SNR = 3
Convolution poly = , [1 0 1 1 0 1 1]
CRC index = [15, 31, 47, 63, 79, 95, 111, 127] , CRC = 0 bits
Frozen-check = , [84, 88, 97, 98, 100, 104, 112] , Frozen-check = 7 bits
Mismatch = [84, 88, 97, 98, 100, 104, 112] , Mismatch-length = 0 , Mismatch-first = False
Enabling-Criterion =, Perfect
Running : AccuracyforFlipEveryPath , 
Decoding starting Time : 2025-09-09 15-18-50
Running Time : 783 min


SNR = [2.5, 3.0]
FER = [0.021427347131165102, 0.005037000625029275]
average_decoding_attempt = [1.0, 1.0]
everyBit (snr=2.5)
	path-0 , [0.4407 0.6667 0.7721 0.8266 0.852  0.852  0.8938 0.908  0.9178 0.9209
 0.9209 0.9264 0.9282 0.9289 0.9289 0.9293 0.9296 0.9296 0.9299 0.9299]
	path-1 , [0.441  0.667  0.7749 0.8271 0.8534 0.8534 0.8946 0.911  0.9196 0.9233
 0.9233 0.9279 0.9293 0.9303 0.9303 0.9308 0.9312 0.9312 0.9315 0.9315]
	path-2 , [0.443  0.6652 0.7717 0.825  0.8515 0.8515 0.8947 0.911  0.9206 0.9241
 0.9241 0.9285 0.9303 0.9312 0.9312 0.9319 0.9321 0.9321 0.9325 0.9325]
	path-3 , [0.4476 0.6712 0.7776 0.8282 0.8538 0.8538 0.8956 0.9118 0.9212 0.9243
 0.9243 0.9291 0.931  0.932  0.932  0.9324 0.9327 0.9327 0.9331 0.9331]
	path-4 , [0.4414 0.6682 0.7752 0.8283 0.8548 0.8548 0.8965 0.9121 0.921  0.9247
 0.9247 0.9297 0.9317 0.9328 0.9328 0.9332 0.9334 0.9334 0.9338 0.9338]
	path-5 , [0.4444 0.6655 0.7733 0.8268 0.8522 0.8522 0.8954 0.9117 0.9217 0.9241
 0.9241 0.9289 0.9306 0.9315 0.9315 0.932  0.9324 0.9324 0.9329 0.9329]
	path-6 , [0.4433 0.667  0.7761 0.8313 0.854  0.854  0.8954 0.9126 0.9218 0.9253
 0.9253 0.9308 0.9324 0.9332 0.9332 0.9336 0.9339 0.9339 0.9342 0.9342]
	path-7 , [0.4457 0.6663 0.7736 0.8276 0.8548 0.8548 0.8963 0.9123 0.9216 0.9252
 0.9252 0.9299 0.9315 0.9324 0.9324 0.9329 0.9334 0.9334 0.9337 0.9337]
path_index = 0
	ranking_index = [15, 23, 27, 29, 39, 30, 84, 43, 97, 45, 71, 88, 98, 51, 75, 83, 46, 100, 77, 104]
	ranking_prob = [0.44065593440655937, 0.22597740225977403, 0.10538946105389461, 0.05449455054494551, 0.04179582041795821, 0.025397460253974602, 0.014698530146985302, 0.014198580141985802, 0.012898710128987101, 0.009799020097990201, 0.008899110088991101, 0.008099190080991902, 0.0066993300669933005, 0.005499450054994501, 0.0053994600539946005, 0.0036996300369963003, 0.0030996900309969004, 0.0028997100289971, 0.0026997300269973002, 0.0020997900209979003]
path_index = 1
	ranking_index = [15, 23, 27, 29, 39, 30, 43, 84, 97, 71, 45, 88, 98, 51, 75, 83, 46, 77, 100, 53]
	ranking_prob = [0.44095590440955906, 0.22597740225977403, 0.10788921107889211, 0.05219478052194781, 0.041195880411958805, 0.026297370262973702, 0.0163983601639836, 0.0160983901609839, 0.011398860113988602, 0.008999100089991, 0.008599140085991401, 0.006999300069993001, 0.0065993400659934, 0.0045995400459954, 0.0044995500449955, 0.0037996200379962005, 0.0036996300369963003, 0.0023997600239976003, 0.0020997900209979003, 0.0013998600139986002]
path_index = 2
	ranking_index = [15, 23, 27, 29, 39, 30, 43, 84, 97, 45, 71, 88, 98, 75, 51, 77, 83, 46, 100, 53]
	ranking_prob = [0.44295570442955706, 0.2221777822217778, 0.10648935106489352, 0.0532946705329467, 0.043195680431956804, 0.026497350264973504, 0.016298370162983702, 0.0143985601439856, 0.010998900109989001, 0.009599040095990401, 0.008399160083991601, 0.006999300069993001, 0.005699430056994301, 0.0053994600539946005, 0.004399560043995601, 0.0035996400359964, 0.0035996400359964, 0.0034996500349965005, 0.0023997600239976003, 0.0017998200179982]
path_index = 3
	ranking_index = [15, 23, 27, 29, 39, 30, 43, 84, 97, 45, 71, 88, 75, 98, 51, 83, 100, 46, 77, 53]
	ranking_prob = [0.44755524447555245, 0.22357764223577642, 0.10638936106389361, 0.050594940505949405, 0.04179582041795821, 0.025597440255974404, 0.016198380161983803, 0.0160983901609839, 0.0098990100989901, 0.0093990600939906, 0.0084991500849915, 0.006199380061993801, 0.0058994100589941, 0.0052994700529947, 0.0047995200479952005, 0.003999600039996, 0.0032996700329967, 0.0030996900309969004, 0.0030996900309969004, 0.0018998100189981002]
path_index = 4
	ranking_index = [15, 23, 27, 29, 39, 30, 43, 84, 45, 71, 97, 88, 75, 51, 98, 83, 46, 100, 77, 53]
	ranking_prob = [0.4413558644135586, 0.22677732226777322, 0.10698930106989302, 0.053094690530946904, 0.041695830416958304, 0.026497350264973504, 0.015598440155984402, 0.015498450154984501, 0.008899110088991101, 0.008899110088991101, 0.008599140085991401, 0.0071992800719928, 0.0051994800519948, 0.004999500049995001, 0.0045995400459954, 0.0037996200379962005, 0.0036996300369963003, 0.0031996800319968005, 0.0030996900309969004, 0.001999800019998]
path_index = 5
	ranking_index = [15, 23, 27, 29, 39, 30, 84, 43, 45, 97, 71, 88, 51, 75, 98, 83, 77, 100, 46, 53]
	ranking_prob = [0.4443555644435556, 0.22107789221077892, 0.10778922107789221, 0.05349465053494651, 0.043195680431956804, 0.025397460253974602, 0.016798320167983202, 0.016298370162983702, 0.009999000099990002, 0.009799020097990201, 0.0093990600939906, 0.0072992700729927005, 0.0047995200479952005, 0.0044995500449955, 0.0044995500449955, 0.0036996300369963003, 0.0033996600339966003, 0.0024997500249975004, 0.0023997600239976003, 0.0016998300169983002]
path_index = 6
	ranking_index = [15, 23, 27, 29, 39, 30, 43, 84, 97, 71, 45, 88, 51, 75, 98, 83, 46, 77, 100, 53]
	ranking_prob = [0.44325567443255676, 0.22367763223677634, 0.1090890910908909, 0.055194480551944806, 0.0413958604139586, 0.0226977302269773, 0.017198280171982803, 0.0165983401659834, 0.010198980101989802, 0.0093990600939906, 0.0091990800919908, 0.007599240075992401, 0.005499450054994501, 0.0044995500449955, 0.0044995500449955, 0.0037996200379962005, 0.0034996500349965005, 0.0027997200279972004, 0.0020997900209979003, 0.0015998400159984002]
path_index = 7
	ranking_index = [15, 23, 27, 29, 39, 30, 43, 84, 71, 97, 45, 88, 75, 51, 98, 46, 83, 77, 100, 53]
	ranking_prob = [0.44565543445655437, 0.22057794220577942, 0.10728927107289271, 0.05399460053994601, 0.041495850414958506, 0.027197280271972803, 0.015998400159984, 0.014798520147985201, 0.0100989901009899, 0.009999000099990002, 0.009299070092990702, 0.008099190080991902, 0.0057994200579942, 0.0046995300469953, 0.0044995500449955, 0.0035996400359964, 0.0029997000299970002, 0.0027997200279972004, 0.0016998300169983002, 0.0015998400159984002]
everyBit (snr=3.0)
	path-0 , [0.4516 0.6897 0.7982 0.8533 0.8777 0.8777 0.9162 0.9307 0.939  0.9417
 0.9417 0.9448 0.9459 0.9469 0.9469 0.9472 0.9474 0.9474 0.9475 0.9475]
	path-1 , [0.4544 0.6931 0.8023 0.8545 0.8784 0.8784 0.915  0.9306 0.9395 0.9422
 0.9422 0.9451 0.946  0.9464 0.9464 0.9466 0.9468 0.9468 0.9468 0.9468]
	path-2 , [0.4503 0.6881 0.7969 0.8515 0.8754 0.8754 0.916  0.932  0.9402 0.9429
 0.9429 0.9449 0.9464 0.9472 0.9472 0.9476 0.9477 0.9477 0.9477 0.9477]
	path-3 , [0.4582 0.6931 0.801  0.853  0.8777 0.8777 0.9153 0.9316 0.9404 0.9429
 0.9429 0.9454 0.9465 0.9473 0.9473 0.9476 0.9478 0.9478 0.9479 0.9479]
	path-4 , [0.4516 0.6926 0.801  0.8539 0.8797 0.8797 0.9161 0.9308 0.9397 0.9427
 0.9427 0.9453 0.9467 0.9476 0.9476 0.948  0.9481 0.9481 0.9481 0.9481]
	path-5 , [0.452  0.6876 0.8002 0.8528 0.8783 0.8783 0.9182 0.9327 0.9405 0.9426
 0.9426 0.9452 0.9463 0.9473 0.9473 0.9475 0.9476 0.9476 0.9476 0.9476]
	path-6 , [0.4539 0.6929 0.7974 0.85   0.8755 0.8755 0.9153 0.9307 0.9394 0.9421
 0.9421 0.9456 0.9471 0.948  0.948  0.9483 0.9485 0.9485 0.9486 0.9486]
	path-7 , [0.4581 0.6969 0.8068 0.8554 0.8793 0.8793 0.9168 0.9331 0.941  0.9435
 0.9435 0.9462 0.9472 0.948  0.948  0.9482 0.9483 0.9483 0.9483 0.9483]
path_index = 0
	ranking_index = [15, 23, 27, 29, 39, 30, 43, 84, 97, 45, 98, 88, 71, 51, 46, 75, 100, 83, 104, 53]
	ranking_prob = [0.45155484451554845, 0.23807619238076191, 0.10848915108489152, 0.055094490550944904, 0.03849615038496151, 0.024397560243975602, 0.014498550144985502, 0.0122987701229877, 0.0115988401159884, 0.0082991700829917, 0.0064993500649935, 0.005599440055994401, 0.005099490050994901, 0.0030996900309969004, 0.0026997300269973002, 0.0024997500249975004, 0.0024997500249975004, 0.0021997800219978004, 0.0011998800119988001, 0.0010998900109989002]
path_index = 1
	ranking_index = [15, 23, 27, 29, 39, 30, 43, 84, 97, 45, 88, 71, 98, 51, 75, 46, 77, 100, 83, 104]
	ranking_prob = [0.45435456454354567, 0.23867613238676133, 0.10918908109189081, 0.05219478052194781, 0.0365963403659634, 0.023897610238976102, 0.015598440155984402, 0.011898810118988102, 0.011198880111988802, 0.008899110088991101, 0.0059994000599940004, 0.0058994100589941, 0.004999500049995001, 0.0028997100289971, 0.0028997100289971, 0.0026997300269973002, 0.0018998100189981002, 0.0018998100189981002, 0.0016998300169983002, 0.0015998400159984002]
path_index = 2
	ranking_index = [15, 23, 27, 29, 39, 30, 43, 84, 97, 45, 88, 98, 71, 75, 46, 83, 51, 100, 77, 53]
	ranking_prob = [0.45025497450254975, 0.23777622237776222, 0.10878912108789121, 0.054594540545945404, 0.0405959404059594, 0.023897610238976102, 0.015998400159984, 0.014798520147985201, 0.008599140085991401, 0.0081991800819918, 0.0058994100589941, 0.0053994600539946005, 0.004999500049995001, 0.0030996900309969004, 0.0026997300269973002, 0.0020997900209979003, 0.001999800019998, 0.0018998100189981002, 0.0015998400159984002, 0.0014998500149985001]
path_index = 3
	ranking_index = [15, 23, 27, 29, 39, 30, 43, 84, 45, 97, 71, 88, 98, 75, 100, 46, 51, 83, 104, 77]
	ranking_prob = [0.45815418458154183, 0.2348765123487651, 0.10788921107889211, 0.051994800519948, 0.0375962403759624, 0.024697530246975304, 0.016298370162983702, 0.013998600139986002, 0.008799120087991202, 0.008799120087991202, 0.005699430056994301, 0.005599440055994401, 0.0046995300469953, 0.0026997300269973002, 0.0026997300269973002, 0.0024997500249975004, 0.0024997500249975004, 0.0018998100189981002, 0.0017998200179982, 0.0014998500149985001]
path_index = 4
	ranking_index = [15, 23, 27, 29, 39, 30, 43, 84, 97, 45, 88, 71, 98, 46, 100, 51, 83, 75, 77, 53]
	ranking_prob = [0.45155484451554845, 0.24097590240975902, 0.10838916108389161, 0.052894710528947106, 0.036396360363963605, 0.025797420257974202, 0.014698530146985302, 0.013098690130986902, 0.009299070092990702, 0.008899110088991101, 0.0058994100589941, 0.0051994800519948, 0.0046995300469953, 0.0029997000299970002, 0.0028997100289971, 0.0025997400259974, 0.0022997700229977, 0.0021997800219978004, 0.0017998200179982, 0.0013998600139986002]
path_index = 5
	ranking_index = [15, 23, 27, 29, 39, 30, 43, 84, 97, 45, 71, 88, 98, 75, 51, 46, 77, 100, 83, 104]
	ranking_prob = [0.45195480451954806, 0.23557644235576441, 0.11258874112588742, 0.052594740525947405, 0.039896010398960104, 0.0254974502549745, 0.014498550144985502, 0.014198580141985802, 0.0093990600939906, 0.007799220077992201, 0.006099390060993901, 0.0059994000599940004, 0.0040995900409959, 0.0032996700329967, 0.0025997400259974, 0.0020997900209979003, 0.001999800019998, 0.001999800019998, 0.0014998500149985001, 0.0013998600139986002]
path_index = 6
	ranking_index = [15, 23, 27, 29, 39, 30, 43, 84, 45, 97, 71, 98, 88, 51, 75, 46, 77, 100, 53, 83]
	ranking_prob = [0.45385461453854614, 0.23897610238976102, 0.1044895510448955, 0.052594740525947405, 0.0397960203979602, 0.0254974502549745, 0.015398460153984602, 0.013098690130986902, 0.0086991300869913, 0.007899210078992101, 0.0059994000599940004, 0.0059994000599940004, 0.0053994600539946005, 0.0034996500349965005, 0.0029997000299970002, 0.0026997300269973002, 0.0021997800219978004, 0.0021997800219978004, 0.0014998500149985001, 0.0014998500149985001]
path_index = 7
	ranking_index = [15, 23, 27, 29, 39, 30, 43, 84, 97, 45, 88, 98, 71, 75, 51, 83, 46, 77, 100, 85]
	ranking_prob = [0.458054194580542, 0.23877612238776122, 0.10988901109889011, 0.048595140485951406, 0.0374962503749625, 0.023897610238976102, 0.016298370162983702, 0.012998700129987, 0.008599140085991401, 0.007899210078992101, 0.005499450054994501, 0.005499450054994501, 0.0052994700529947, 0.0027997200279972004, 0.0026997300269973002, 0.0025997400259974, 0.0024997500249975004, 0.0018998100189981002, 0.0017998200179982, 0.0010998900109989002]