PAC(128-71)
L = 8
T = 3  Error Count = 2000
Rate-profile = rm-polar
design SNR = 3
Convolution poly = , [1 0 1 1 0 1 1]
CRC index = [15, 31, 47, 63, 79, 95, 111, 127] , CRC = 0 bits
Frozen-check = , [84, 88, 97, 98, 100, 104, 112] , Frozen-check = 7 bits
Mismatch = [84, 88, 97, 98, 100, 104, 112] , Mismatch-length = 0 , Mismatch-first = False
Enabling-Criterion =, FrozenCheck
Running : AccuracyFlippath , 
Decoding starting Time : 2025-09-02 20-13-33
Running Time : 433 min


SNR = [3.0, 3.5]
FER = [0.004846573610515684, 0.0008067591987078951]
average_decoding_attempt = [1.0, 1.0]
alpha1.0 (snr=3.0)
	[0.017  0.029  0.0365 0.042  0.043  0.045  0.0455 0.0465 0.0465 0.0465]
alpha1.1 (snr=3.0)
	[0.018  0.0345 0.045  0.05   0.052  0.0525 0.053  0.0545 0.055  0.055 ]
alpha1.2000000000000002 (snr=3.0)
	[0.0235 0.0425 0.0545 0.062  0.065  0.066  0.0665 0.0685 0.069  0.069 ]
alpha1.3000000000000003 (snr=3.0)
	[0.031  0.0565 0.071  0.0795 0.0825 0.0845 0.085  0.0865 0.087  0.087 ]
alpha1.4000000000000004 (snr=3.0)
	[0.0395 0.0675 0.084  0.094  0.098  0.1    0.102  0.104  0.105  0.105 ]
alpha1.5000000000000004 (snr=3.0)
	[0.0545 0.0895 0.1075 0.1195 0.1255 0.1295 0.1305 0.133  0.1335 0.1335]
alpha1.6000000000000005 (snr=3.0)
	[0.0715 0.1185 0.1435 0.1555 0.1615 0.1675 0.17   0.1725 0.173  0.1735]
alpha1.7000000000000006 (snr=3.0)
	[0.0965 0.1555 0.1865 0.2015 0.2095 0.216  0.2185 0.221  0.222  0.223 ]
alpha1.8000000000000007 (snr=3.0)
	[0.117  0.1975 0.231  0.2485 0.2565 0.2645 0.268  0.2705 0.272  0.273 ]
alpha1.9000000000000008 (snr=3.0)
	[0.143  0.239  0.281  0.3035 0.3115 0.32   0.324  0.3265 0.3275 0.329 ]
alpha2.000000000000001 (snr=3.0)
	[0.1655 0.2825 0.3315 0.3555 0.364  0.37   0.3765 0.3785 0.3785 0.3805]
alpha2.100000000000001 (snr=3.0)
	[0.1835 0.3145 0.371  0.3955 0.4075 0.414  0.421  0.424  0.424  0.426 ]
alpha2.200000000000001 (snr=3.0)
	[0.1995 0.3425 0.4065 0.436  0.4475 0.454  0.4605 0.465  0.466  0.468 ]
alpha2.300000000000001 (snr=3.0)
	[0.2165 0.362  0.4345 0.467  0.479  0.4865 0.493  0.4965 0.4975 0.5005]
alpha2.4000000000000012 (snr=3.0)
	[0.2305 0.388  0.4635 0.5    0.513  0.5225 0.529  0.533  0.535  0.5375]
alpha2.5000000000000013 (snr=3.0)
	[0.2475 0.4145 0.4985 0.5365 0.5495 0.5585 0.5645 0.568  0.571  0.5745]
alpha1.0 (snr=3.5)
	[0.0135 0.0215 0.0255 0.0295 0.0305 0.0315 0.032  0.0325 0.033  0.033 ]
alpha1.1 (snr=3.5)
	[0.014  0.021  0.026  0.029  0.031  0.032  0.032  0.033  0.0335 0.0335]
alpha1.2000000000000002 (snr=3.5)
	[0.0145 0.0215 0.0275 0.0305 0.0325 0.0335 0.0335 0.0345 0.035  0.035 ]
alpha1.3000000000000003 (snr=3.5)
	[0.015  0.0215 0.028  0.0315 0.0335 0.0345 0.035  0.0355 0.0365 0.0365]
alpha1.4000000000000004 (snr=3.5)
	[0.0185 0.0265 0.032  0.0365 0.0385 0.04   0.0405 0.0405 0.0415 0.0415]
alpha1.5000000000000004 (snr=3.5)
	[0.0205 0.03   0.035  0.039  0.0425 0.044  0.0445 0.045  0.046  0.046 ]
alpha1.6000000000000005 (snr=3.5)
	[0.0295 0.044  0.052  0.055  0.059  0.061  0.0615 0.062  0.063  0.063 ]
alpha1.7000000000000006 (snr=3.5)
	[0.036  0.0545 0.0645 0.068  0.0715 0.073  0.0735 0.074  0.0755 0.0755]
alpha1.8000000000000007 (snr=3.5)
	[0.048  0.0715 0.083  0.089  0.0925 0.0955 0.096  0.097  0.099  0.099 ]
alpha1.9000000000000008 (snr=3.5)
	[0.0595 0.0885 0.101  0.1075 0.1115 0.114  0.1145 0.1155 0.117  0.1175]
alpha2.000000000000001 (snr=3.5)
	[0.076  0.113  0.1295 0.136  0.141  0.1445 0.1445 0.1455 0.147  0.147 ]
alpha2.100000000000001 (snr=3.5)
	[0.094  0.1405 0.1585 0.165  0.17   0.175  0.1755 0.176  0.178  0.178 ]
alpha2.200000000000001 (snr=3.5)
	[0.1135 0.168  0.1885 0.199  0.2025 0.2075 0.209  0.209  0.211  0.211 ]
alpha2.300000000000001 (snr=3.5)
	[0.1285 0.195  0.2195 0.231  0.2355 0.24   0.2425 0.243  0.2445 0.245 ]
alpha2.4000000000000012 (snr=3.5)
	[0.145  0.2195 0.247  0.2585 0.2635 0.2685 0.27   0.271  0.272  0.2725]
alpha2.5000000000000013 (snr=3.5)
	[0.1625 0.2515 0.2815 0.295  0.3    0.305  0.3065 0.308  0.3095 0.31  ]