PAC(128-71)
L = 8
T = 0  Error Count = 30000
Rate-profile = rm-polar
design SNR = 3
Convolution poly = , [1 0 1 1 0 1 1]
CRC index = [15, 31, 47, 63, 79, 95, 111, 127] , CRC = 0 bits
Frozen-check = , [84, 88, 97, 98, 100, 104, 112] , Frozen-check = 7 bits
Mismatch = [84, 88, 97, 98, 100, 104, 112] , Mismatch-length = 0 , Mismatch-first = False
Enabling-Criterion =, Perfect
Running : AccuracyforFlipEveryPath , 
Decoding starting Time : 2025-09-09 15-15-33
Running Time : 409 min


SNR = [1.0, 1.5, 2.0]
FER = [0.31663324538258575, 0.16431521179524816, 0.0679452017565514]
average_decoding_attempt = [1.0, 1.0, 1.0]
alpha0.1 (snr=1.0)
	path-0 , [0.41496667 0.62603333 0.72873333 0.78216667 0.81623333 0.85133333
 0.86966667 0.87803333 0.8864     0.89216667 0.89786667 0.90373333
 0.90763333 0.91223333 0.91746667 0.92316667 0.92846667 0.9327
 0.93666667 0.9405    ]
	path-1 , [0.41276667 0.6272     0.729      0.7816     0.8155     0.84993333
 0.8688     0.87796667 0.88656667 0.8933     0.8995     0.90496667
 0.9097     0.91413333 0.91983333 0.92613333 0.93113333 0.93523333
 0.9394     0.9437    ]
	path-2 , [0.41466667 0.6273     0.73023333 0.7827     0.81713333 0.85216667
 0.87146667 0.88136667 0.88986667 0.89663333 0.90246667 0.90783333
 0.9122     0.91683333 0.9225     0.9279     0.93343333 0.93806667
 0.9421     0.9467    ]
	path-3 , [0.41543333 0.62896667 0.73256667 0.78646667 0.8201     0.8542
 0.8734     0.88283333 0.89066667 0.89616667 0.90203333 0.9079
 0.9127     0.9165     0.9221     0.92803333 0.93356667 0.93806667
 0.9423     0.94623333]
	path-4 , [0.41523333 0.6304     0.73283333 0.78496667 0.8186     0.85446667
 0.87413333 0.88316667 0.8909     0.89686667 0.90303333 0.90883333
 0.9129     0.91743333 0.92233333 0.92763333 0.93336667 0.9378
 0.94236667 0.94693333]
	path-5 , [0.41753333 0.62956667 0.73126667 0.78343333 0.81813333 0.85286667
 0.8723     0.88173333 0.89003333 0.89576667 0.90133333 0.90783333
 0.91213333 0.91703333 0.92256667 0.92776667 0.93343333 0.93836667
 0.94253333 0.94663333]
	path-6 , [0.4151     0.62956667 0.73263333 0.78563333 0.8194     0.8543
 0.87383333 0.88316667 0.89143333 0.89773333 0.9044     0.90966667
 0.91403333 0.9185     0.92416667 0.93023333 0.93526667 0.93993333
 0.9444     0.94833333]
	path-7 , [0.41743333 0.6297     0.73096667 0.78386667 0.81773333 0.853
 0.8732     0.88206667 0.89016667 0.89636667 0.9021     0.90786667
 0.91266667 0.9171     0.92313333 0.929      0.9351     0.94066667
 0.94473333 0.9488    ]
alpha0.2 (snr=1.0)
	path-0 , [0.39416667 0.61356667 0.7349     0.7986     0.83683333 0.86256667
 0.88233333 0.89736667 0.9085     0.91846667 0.9265     0.93423333
 0.94093333 0.9462     0.95186667 0.95683333 0.9617     0.96626667
 0.97033333 0.97376667]
	path-1 , [0.39303333 0.61386667 0.7332     0.7967     0.8355     0.86196667
 0.88256667 0.8987     0.91096667 0.9209     0.9296     0.9375
 0.94436667 0.95053333 0.9564     0.96143333 0.96663333 0.97103333
 0.9748     0.9781    ]
	path-2 , [0.3963     0.61573333 0.73686667 0.79833333 0.83756667 0.86476667
 0.88553333 0.90193333 0.9137     0.92336667 0.93143333 0.93883333
 0.94616667 0.95243333 0.95856667 0.96373333 0.9688     0.9729
 0.97623333 0.97936667]
	path-3 , [0.39523333 0.6175     0.73916667 0.80116667 0.8398     0.86603333
 0.88666667 0.90163333 0.91256667 0.92303333 0.93153333 0.93926667
 0.94623333 0.9527     0.95886667 0.964      0.96863333 0.97283333
 0.97676667 0.9803    ]
	path-4 , [0.39366667 0.6156     0.73873333 0.80066667 0.83806667 0.86513333
 0.88653333 0.90166667 0.91326667 0.92313333 0.93153333 0.93993333
 0.94713333 0.95286667 0.9586     0.9632     0.96813333 0.97176667
 0.9756     0.9792    ]
	path-5 , [0.39556667 0.6157     0.73726667 0.7991     0.83773333 0.86526667
 0.8859     0.90123333 0.91293333 0.9234     0.93193333 0.9399
 0.94736667 0.95303333 0.95863333 0.96336667 0.96866667 0.97266667
 0.97643333 0.97966667]
	path-6 , [0.39416667 0.61686667 0.7381     0.80116667 0.83846667 0.86586667
 0.887      0.90306667 0.9153     0.92493333 0.93273333 0.94113333
 0.948      0.9545     0.96023333 0.96553333 0.9703     0.97426667
 0.9776     0.981     ]
	path-7 , [0.39716667 0.61656667 0.7375     0.7995     0.8391     0.86636667
 0.88746667 0.90226667 0.91396667 0.92466667 0.9322     0.94056667
 0.94793333 0.95436667 0.96033333 0.96526667 0.97013333 0.9744
 0.97786667 0.98126667]
alpha0.30000000000000004 (snr=1.0)
	path-0 , [0.3674     0.5844     0.7198     0.79533333 0.84303333 0.8733
 0.8976     0.91543333 0.92916667 0.94036667 0.94983333 0.95693333
 0.9646     0.9702     0.97543333 0.9793     0.98266667 0.98586667
 0.9884     0.9906    ]
	path-1 , [0.3665     0.58336667 0.71706667 0.79253333 0.84166667 0.87476667
 0.89866667 0.91846667 0.9327     0.94413333 0.9539     0.96193333
 0.96913333 0.9743     0.97946667 0.9824     0.98506667 0.9886
 0.9909     0.99253333]
	path-2 , [0.36976667 0.5869     0.7206     0.795      0.84396667 0.87693333
 0.901      0.91973333 0.93436667 0.94586667 0.95613333 0.96373333
 0.97043333 0.97503333 0.9798     0.98353333 0.98696667 0.98956667
 0.99166667 0.99313333]
	path-3 , [0.37023333 0.5896     0.72426667 0.79766667 0.84546667 0.87783333
 0.90173333 0.92056667 0.9351     0.94653333 0.95646667 0.9637
 0.9703     0.97596667 0.98113333 0.98476667 0.98753333 0.98993333
 0.9919     0.9937    ]
	path-4 , [0.3688     0.58553333 0.7206     0.79536667 0.84433333 0.87726667
 0.9011     0.92073333 0.93486667 0.94646667 0.95526667 0.9636
 0.97006667 0.9756     0.98073333 0.98466667 0.98733333 0.99033333
 0.99236667 0.9938    ]
	path-5 , [0.36996667 0.58626667 0.72106667 0.79576667 0.84543333 0.87823333
 0.9021     0.9202     0.934      0.94546667 0.9548     0.96253333
 0.97023333 0.97536667 0.97996667 0.98396667 0.98756667 0.99013333
 0.9922     0.99376667]
	path-6 , [0.36756667 0.5885     0.72106667 0.79713333 0.84616667 0.87863333
 0.9022     0.92116667 0.93526667 0.9474     0.95726667 0.96506667
 0.97176667 0.9778     0.98196667 0.98556667 0.98833333 0.9907
 0.99283333 0.99423333]
	path-7 , [0.37126667 0.58933333 0.72343333 0.79633333 0.84566667 0.87826667
 0.90153333 0.9202     0.93476667 0.94746667 0.95663333 0.9645
 0.97083333 0.97673333 0.98103333 0.98483333 0.98813333 0.99123333
 0.99303333 0.99456667]
alpha0.4 (snr=1.0)
	path-0 , [0.34086667 0.54853333 0.68553333 0.77126667 0.8298     0.86886667
 0.89873333 0.91856667 0.93553333 0.94813333 0.9586     0.96686667
 0.97403333 0.9792     0.98433333 0.98786667 0.99066667 0.99303333
 0.9951     0.99636667]
	path-1 , [0.3416     0.54646667 0.683      0.76946667 0.8281     0.86896667
 0.8996     0.92153333 0.93793333 0.9521     0.9631     0.9706
 0.97693333 0.9817     0.98613333 0.98916667 0.9917     0.9938
 0.9956     0.9968    ]
	path-2 , [0.3423     0.55023333 0.6861     0.77293333 0.83016667 0.87153333
 0.90136667 0.92346667 0.94096667 0.95313333 0.96416667 0.9722
 0.97813333 0.9828     0.98743333 0.99036667 0.9929     0.99453333
 0.99603333 0.9971    ]
	path-3 , [0.34513333 0.5539     0.6896     0.77486667 0.83113333 0.87073333
 0.90076667 0.92393333 0.94103333 0.9538     0.9639     0.9717
 0.978      0.98283333 0.98703333 0.9905     0.9931     0.99476667
 0.9963     0.99723333]
	path-4 , [0.34233333 0.5483     0.68606667 0.77216667 0.8308     0.87043333
 0.90123333 0.9234     0.9402     0.95346667 0.96393333 0.97266667
 0.97906667 0.98366667 0.9874     0.99103333 0.99343333 0.99513333
 0.9965     0.99743333]
	path-5 , [0.34266667 0.55103333 0.6865     0.77323333 0.83153333 0.87106667
 0.9026     0.92296667 0.93833333 0.95156667 0.9629     0.97146667
 0.97773333 0.98316667 0.98696667 0.9906     0.993      0.99486667
 0.99606667 0.9972    ]
	path-6 , [0.34073333 0.5502     0.68503333 0.77206667 0.8319     0.87193333
 0.90273333 0.92446667 0.94146667 0.95526667 0.96503333 0.97256667
 0.9793     0.98356667 0.9879     0.99073333 0.99316667 0.99523333
 0.99663333 0.9975    ]
	path-7 , [0.34296667 0.55263333 0.68936667 0.77393333 0.83293333 0.87253333
 0.90113333 0.92276667 0.93946667 0.95253333 0.96286667 0.97173333
 0.9784     0.98353333 0.98766667 0.99113333 0.99323333 0.99486667
 0.99616667 0.99696667]
alpha0.5 (snr=1.0)
	path-0 , [0.31723333 0.50856667 0.64033333 0.73486667 0.8007     0.8465
 0.88073333 0.908      0.92813333 0.94376667 0.95673333 0.9673
 0.97466667 0.9808     0.98553333 0.98956667 0.9923     0.9945
 0.9963     0.99736667]
	path-1 , [0.31773333 0.50723333 0.6407     0.73286667 0.7978     0.844
 0.8796     0.9073     0.92836667 0.94516667 0.95843333 0.96863333
 0.97563333 0.9822     0.98676667 0.9904     0.99313333 0.9948
 0.99606667 0.9972    ]
	path-2 , [0.31776667 0.51143333 0.6443     0.7352     0.79943333 0.84773333
 0.8817     0.90866667 0.92866667 0.9451     0.9585     0.96793333
 0.97523333 0.98236667 0.98753333 0.99066667 0.99316667 0.9949
 0.99663333 0.99773333]
	path-3 , [0.32166667 0.5136     0.64573333 0.73756667 0.80026667 0.8467
 0.88043333 0.90863333 0.92926667 0.94536667 0.95843333 0.9679
 0.97536667 0.98123333 0.98656667 0.99006667 0.99253333 0.99483333
 0.99653333 0.9975    ]
	path-4 , [0.31693333 0.50826667 0.6413     0.73333333 0.79903333 0.8459
 0.8802     0.90763333 0.92813333 0.9448     0.95793333 0.96833333
 0.97533333 0.98146667 0.9868     0.9905     0.99273333 0.99516667
 0.99683333 0.99783333]
	path-5 , [0.31823333 0.51086667 0.64303333 0.73483333 0.79943333 0.8466
 0.8798     0.90776667 0.9291     0.945      0.95763333 0.9677
 0.97493333 0.98133333 0.98623333 0.98993333 0.99283333 0.9946
 0.99626667 0.99716667]
	path-6 , [0.31583333 0.51016667 0.64113333 0.73413333 0.79786667 0.8454
 0.88023333 0.9077     0.92913333 0.9465     0.95846667 0.96913333
 0.976      0.98196667 0.98666667 0.99016667 0.99256667 0.9948
 0.99626667 0.99753333]
	path-7 , [0.3179     0.51156667 0.6435     0.73663333 0.80156667 0.8461
 0.88173333 0.9068     0.92653333 0.94243333 0.95563333 0.9665
 0.9746     0.98066667 0.9853     0.989      0.9919     0.99406667
 0.99563333 0.9969    ]
alpha0.6 (snr=1.0)
	path-0 , [0.29196667 0.46933333 0.59766667 0.69216667 0.76276667 0.81596667
 0.8549     0.88696667 0.91293333 0.9324     0.94776667 0.9609
 0.9699     0.97846667 0.9835     0.9879     0.99153333 0.99386667
 0.99576667 0.99726667]
	path-1 , [0.29166667 0.46703333 0.59623333 0.6866     0.7557     0.80943333
 0.84946667 0.8829     0.91003333 0.9304     0.9469     0.95973333
 0.96926667 0.97713333 0.98313333 0.98816667 0.99113333 0.99366667
 0.99553333 0.9967    ]
	path-2 , [0.29033333 0.47023333 0.59803333 0.68856667 0.7594     0.81146667
 0.85026667 0.8823     0.9082     0.92946667 0.94546667 0.9583
 0.9679     0.97606667 0.9829     0.98806667 0.99146667 0.99346667
 0.99546667 0.99683333]
	path-3 , [0.29493333 0.47456667 0.6007     0.68986667 0.76016667 0.81093333
 0.8495     0.8813     0.9077     0.9277     0.9442     0.95796667
 0.96776667 0.97516667 0.98143333 0.9869     0.99026667 0.99286667
 0.99513333 0.99643333]
	path-4 , [0.29013333 0.46716667 0.59526667 0.68453333 0.75656667 0.808
 0.84833333 0.8798     0.9071     0.92763333 0.94346667 0.9563
 0.96703333 0.97496667 0.9817     0.9868     0.9905     0.9931
 0.99513333 0.99623333]
	path-5 , [0.29123333 0.47256667 0.5983     0.68823333 0.75656667 0.80856667
 0.84796667 0.88053333 0.90683333 0.92673333 0.9434     0.95666667
 0.96636667 0.9744     0.98083333 0.98596667 0.98996667 0.9925
 0.9948     0.9961    ]
	path-6 , [0.28896667 0.4693     0.5966     0.68603333 0.7548     0.80536667
 0.84603333 0.87773333 0.90493333 0.92553333 0.9423     0.95583333
 0.96656667 0.9752     0.9813     0.98603333 0.9896     0.9926
 0.99463333 0.99633333]
	path-7 , [0.291      0.47133333 0.59903333 0.6892     0.75716667 0.80896667
 0.84676667 0.8795     0.9042     0.9236     0.93993333 0.95393333
 0.96393333 0.97283333 0.9793     0.9848     0.98836667 0.99156667
 0.994      0.99553333]
alpha0.7000000000000001 (snr=1.0)
	path-0 , [0.27026667 0.4385     0.55986667 0.65316667 0.72706667 0.78483333
 0.8295     0.86556667 0.89583333 0.91836667 0.9367     0.95296667
 0.96373333 0.97313333 0.97996667 0.98546667 0.98926667 0.99253333
 0.99466667 0.99636667]
	path-1 , [0.26866667 0.4334     0.55366667 0.64403333 0.71596667 0.77383333
 0.81966667 0.8573     0.88813333 0.91323333 0.9325     0.94886667
 0.96146667 0.971      0.9783     0.98453333 0.9887     0.99156667
 0.99406667 0.9957    ]
	path-2 , [0.26793333 0.4345     0.55686667 0.64663333 0.7184     0.77386667
 0.818      0.8549     0.8854     0.91086667 0.931      0.94683333
 0.95983333 0.9695     0.97733333 0.98376667 0.98793333 0.99103333
 0.9933     0.99566667]
	path-3 , [0.27326667 0.43973333 0.55946667 0.6462     0.7158     0.7717
 0.81746667 0.8519     0.8828     0.90853333 0.92886667 0.94436667
 0.95743333 0.9678     0.97516667 0.98126667 0.9865     0.98996667
 0.99313333 0.99523333]
	path-4 , [0.26826667 0.4307     0.55083333 0.63813333 0.71186667 0.76873333
 0.8124     0.84916667 0.88036667 0.90526667 0.9257     0.9421
 0.95556667 0.9674     0.97563333 0.98223333 0.98676667 0.99043333
 0.99283333 0.99486667]
	path-5 , [0.26816667 0.4369     0.55603333 0.64146667 0.71236667 0.76836667
 0.81346667 0.84866667 0.87946667 0.90556667 0.92556667 0.94303333
 0.95656667 0.96623333 0.97433333 0.981      0.98606667 0.9895
 0.9924     0.99443333]
	path-6 , [0.2669     0.43423333 0.5517     0.6411     0.709      0.7655
 0.8085     0.8451     0.87676667 0.90176667 0.92293333 0.9405
 0.95436667 0.96513333 0.9747     0.98176667 0.98583333 0.9895
 0.99233333 0.99436667]
	path-7 , [0.26776667 0.43406667 0.55386667 0.6413     0.7103     0.766
 0.81066667 0.84613333 0.87586667 0.9013     0.92133333 0.93786667
 0.95256667 0.96316667 0.97186667 0.9786     0.9845     0.9883
 0.99136667 0.99406667]
alpha0.8 (snr=1.0)
	path-0 , [0.2526     0.41026667 0.5264     0.61856667 0.69663333 0.75636667
 0.80626667 0.8453     0.8797     0.90526667 0.92603333 0.94303333
 0.95693333 0.96743333 0.9752     0.9819     0.9878     0.991
 0.99353333 0.99563333]
	path-1 , [0.25056667 0.40413333 0.51696667 0.60783333 0.68183333 0.74233333
 0.7915     0.8352     0.86876667 0.8974     0.92026667 0.9377
 0.95233333 0.96423333 0.973      0.98026667 0.9857     0.98996667
 0.9924     0.9948    ]
	path-2 , [0.24883333 0.40303333 0.51966667 0.6071     0.6799     0.73966667
 0.78936667 0.82986667 0.86433333 0.89386667 0.9166     0.93493333
 0.95013333 0.96276667 0.97153333 0.97913333 0.98443333 0.98846667
 0.99176667 0.9943    ]
	path-3 , [0.253      0.4073     0.52246667 0.60833333 0.6782     0.7367
 0.78466667 0.82573333 0.86033333 0.8897     0.9126     0.9314
 0.94673333 0.9592     0.9692     0.97646667 0.9827     0.98743333
 0.99136667 0.9939    ]
	path-4 , [0.2487     0.4006     0.51266667 0.6        0.6716     0.72986667
 0.78023333 0.82183333 0.85613333 0.8851     0.9084     0.92796667
 0.9441     0.95803333 0.9684     0.9767     0.98313333 0.98763333
 0.99093333 0.99323333]
	path-5 , [0.2487     0.40403333 0.51646667 0.60196667 0.67156667 0.7307
 0.78036667 0.82083333 0.85473333 0.88443333 0.90933333 0.92826667
 0.94476667 0.95753333 0.9677     0.9755     0.98173333 0.98646667
 0.99003333 0.99246667]
	path-6 , [0.2468     0.40226667 0.51216667 0.5985     0.66856667 0.72646667
 0.7735     0.8148     0.85083333 0.8811     0.90493333 0.92543333
 0.94096667 0.95613333 0.967      0.9754     0.98183333 0.98623333
 0.9901     0.9929    ]
	path-7 , [0.24866667 0.40193333 0.51523333 0.59983333 0.67046667 0.7265
 0.7751     0.8159     0.8489     0.87786667 0.90336667 0.92336667
 0.93933333 0.95386667 0.96463333 0.9728     0.9799     0.98523333
 0.98923333 0.99226667]
alpha0.9 (snr=1.0)
	path-0 , [0.2366     0.38533333 0.4976     0.5912     0.66933333 0.73333333
 0.78666667 0.82926667 0.86513333 0.89446667 0.91686667 0.93506667
 0.9501     0.9621     0.971      0.9782     0.98456667 0.9891
 0.99233333 0.9948    ]
	path-1 , [0.23466667 0.37776667 0.48576667 0.57563333 0.65123333 0.71386667
 0.76766667 0.81413333 0.8513     0.88406667 0.90933333 0.92853333
 0.94453333 0.95683333 0.96793333 0.97653333 0.98246667 0.9876
 0.991      0.99383333]
	path-2 , [0.2304     0.37536667 0.4876     0.57363333 0.64736667 0.70956667
 0.76323333 0.80786667 0.84623333 0.87796667 0.90416667 0.9248
 0.9418     0.95576667 0.96556667 0.97476667 0.98153333 0.98603333
 0.9901     0.99303333]
	path-3 , [0.23513333 0.37816667 0.4876     0.57413333 0.64566667 0.70713333
 0.75903333 0.8038     0.8402     0.87423333 0.8986     0.92076667
 0.9368     0.95176667 0.96303333 0.97216667 0.97936667 0.985
 0.98956667 0.9925    ]
	path-4 , [0.23103333 0.373      0.47863333 0.5635     0.63626667 0.6992
 0.7533     0.79753333 0.83493333 0.8677     0.89413333 0.916
 0.93466667 0.94966667 0.96203333 0.97173333 0.97903333 0.98453333
 0.98896667 0.992     ]
	path-5 , [0.23106667 0.37556667 0.48266667 0.56796667 0.63673333 0.69816667
 0.75143333 0.7962     0.83243333 0.867      0.89373333 0.916
 0.93483333 0.94903333 0.96096667 0.9705     0.97693333 0.983
 0.98753333 0.99136667]
	path-6 , [0.229      0.37413333 0.47793333 0.56393333 0.6331     0.69366667
 0.74433333 0.7885     0.82586667 0.86126667 0.88953333 0.9118
 0.93043333 0.9462     0.95976667 0.9703     0.97756667 0.98326667
 0.98773333 0.9914    ]
	path-7 , [0.23033333 0.37256667 0.4807     0.56423333 0.6345     0.69143333
 0.74346667 0.78766667 0.8252     0.85826667 0.8871     0.9103
 0.92916667 0.94543333 0.9573     0.9669     0.97556667 0.98223333
 0.9865     0.9902    ]
path_index = 0
	ranking_index = [15, 23, 27, 29, 39, 30, 43, 84, 71, 97, 45, 88, 75, 51, 98, 77, 53, 46, 83, 100]
	ranking_prob = [0.41528615712809575, 0.20972634245525149, 0.10109663011232958, 0.05149828339055365, 0.046098463384553846, 0.02579914002866571, 0.020299323355888136, 0.01909936335455485, 0.017832738908703044, 0.013432885570480984, 0.0118329389020366, 0.008533048898370055, 0.008399720009333022, 0.008366387787073765, 0.007966401119962668, 0.005299823339222026, 0.0050331655611479615, 0.004866504449851671, 0.004366521115962801, 0.0036332122262591245]
path_index = 1
	ranking_index = [15, 23, 27, 29, 39, 30, 43, 71, 84, 45, 97, 51, 75, 88, 98, 46, 53, 83, 77, 100]
	ranking_prob = [0.4135528815706143, 0.21255958134728842, 0.10036332122262591, 0.05096496783440552, 0.04596513449551681, 0.025199160027999067, 0.02009933002233259, 0.018666044465184495, 0.018499383353888205, 0.01333288890370321, 0.011899603346555114, 0.009166361121295957, 0.00909969667677744, 0.008733042231925602, 0.006499783340555315, 0.005166494450184994, 0.005099830005666478, 0.005099830005666478, 0.00506649778340722, 0.0035998800039998666]
path_index = 2
	ranking_index = [15, 23, 27, 29, 39, 30, 43, 84, 71, 45, 97, 51, 75, 88, 98, 77, 46, 53, 83, 100]
	ranking_prob = [0.4148195060164661, 0.2110596313456218, 0.10149661677944069, 0.05073164227859071, 0.04586513782873904, 0.026099130028999034, 0.021199293356888103, 0.018432718909369688, 0.018166061131295624, 0.013632878904036532, 0.011566281123962534, 0.009133028899036699, 0.008966367787740409, 0.0080997300089997, 0.00556648111729609, 0.005466484450518316, 0.0053998200059998, 0.0052664911169627675, 0.004833172227592414, 0.0023999200026665777]
path_index = 3
	ranking_index = [15, 23, 27, 29, 39, 30, 43, 84, 71, 45, 97, 51, 75, 88, 77, 98, 53, 83, 46, 100]
	ranking_prob = [0.4153861537948735, 0.21235958801373286, 0.10186327122429252, 0.05176494116862771, 0.04586513782873904, 0.025199160027999067, 0.020732642245258493, 0.019232692243591882, 0.018499383353888205, 0.012966234458851372, 0.01063297890070331, 0.008733042231925602, 0.008733042231925602, 0.008699710009666345, 0.005333155561481284, 0.0050331655611479615, 0.004866504449851671, 0.004699843338555381, 0.004599846671777608, 0.00286657111429619]
path_index = 4
	ranking_index = [15, 23, 27, 29, 39, 30, 43, 84, 71, 45, 97, 75, 51, 88, 77, 53, 98, 46, 83, 54]
	ranking_prob = [0.415319489350355, 0.21462617912736243, 0.10022999233358888, 0.0502649911669611, 0.04743175227492417, 0.02513249558348055, 0.021199293356888103, 0.01819939335355488, 0.01669944335188827, 0.012232925569147695, 0.010666311122962568, 0.009333022232592247, 0.008366387787073765, 0.008233058898036731, 0.005866471117629412, 0.005633145561814606, 0.005466484450518316, 0.00489983667211093, 0.004633178894036865, 0.0022665911136295455]
path_index = 5
	ranking_index = [15, 23, 27, 29, 39, 30, 43, 71, 84, 45, 88, 75, 97, 51, 77, 53, 98, 83, 46, 100]
	ranking_prob = [0.4168861037965401, 0.2116262791240292, 0.09996333455551482, 0.05023165894470184, 0.047131762274590844, 0.025265824472517583, 0.021532615579480684, 0.018266057798073398, 0.018266057798073398, 0.012866237792073597, 0.009499683343888538, 0.009199693343555216, 0.009033032232258926, 0.008299723342555248, 0.005833138895370155, 0.005599813339555348, 0.005433152228259058, 0.005133162227925736, 0.004766507783073898, 0.002733242225259158]
path_index = 6
	ranking_index = [15, 23, 27, 29, 39, 30, 43, 71, 84, 45, 97, 75, 51, 88, 77, 53, 83, 46, 98, 100]
	ranking_prob = [0.4155528149061698, 0.21292623579214026, 0.10116329455684811, 0.051231625612479584, 0.0458984700509983, 0.025599146695110164, 0.021465951134962167, 0.01873270890970301, 0.01869937668744375, 0.013599546681777274, 0.009766341121962601, 0.008899703343221892, 0.008699710009666345, 0.007666411119629346, 0.005366487783740542, 0.005199826672444252, 0.005099830005666478, 0.004933168894370188, 0.004766507783073898, 0.00253324889170361]
path_index = 7
	ranking_index = [15, 23, 27, 29, 39, 30, 43, 71, 84, 45, 75, 88, 51, 97, 77, 83, 53, 46, 98, 54]
	ranking_prob = [0.41768607713076233, 0.2111596280123996, 0.09889670344321856, 0.05109829672344255, 0.04706509783007233, 0.0253324889170361, 0.02189927002433252, 0.019199360021332622, 0.01869937668744375, 0.012132928902369921, 0.00979967334422186, 0.009333022232592247, 0.008833038898703377, 0.00876637445418486, 0.005499816672777574, 0.005299823339222026, 0.005099830005666478, 0.00489983667211093, 0.004333188893703543, 0.0024332522249258357]
alpha0.1 (snr=1.5)
	path-0 , [0.41893333 0.6372     0.74143333 0.79373333 0.82936667 0.86113333
 0.87853333 0.8881     0.894      0.8993     0.90483333 0.90956667
 0.91386667 0.91896667 0.9243     0.92803333 0.93236667 0.9365
 0.93993333 0.94403333]
	path-1 , [0.41916667 0.63523333 0.73963333 0.79333333 0.82906667 0.86053333
 0.8788     0.88826667 0.8944     0.89966667 0.9053     0.9107
 0.91466667 0.91973333 0.92496667 0.92943333 0.93413333 0.93773333
 0.941      0.94486667]
	path-2 , [0.4167     0.63553333 0.74126667 0.7944     0.82833333 0.8606
 0.87936667 0.8895     0.89543333 0.90053333 0.9064     0.91226667
 0.91653333 0.92166667 0.927      0.9308     0.9353     0.9398
 0.9438     0.948     ]
	path-3 , [0.41606667 0.63233333 0.74036667 0.7933     0.8292     0.86046667
 0.87826667 0.8873     0.89373333 0.89936667 0.90543333 0.9113
 0.91623333 0.9217     0.92723333 0.93123333 0.9362     0.94053333
 0.94446667 0.94883333]
	path-4 , [0.4199     0.63533333 0.74006667 0.7942     0.82913333 0.8608
 0.8791     0.8891     0.89556667 0.9009     0.9067     0.91203333
 0.91636667 0.9212     0.92673333 0.93073333 0.93543333 0.94026667
 0.944      0.9486    ]
	path-5 , [0.41746667 0.6361     0.74176667 0.79656667 0.83036667 0.86186667
 0.87953333 0.8897     0.89606667 0.90153333 0.9075     0.91356667
 0.9186     0.92333333 0.92903333 0.9338     0.93873333 0.9429
 0.94656667 0.95106667]
	path-6 , [0.41586667 0.6358     0.74323333 0.7951     0.8313     0.86323333
 0.88146667 0.89126667 0.89693333 0.9023     0.90843333 0.91396667
 0.91866667 0.92393333 0.92976667 0.93356667 0.93773333 0.94196667
 0.9465     0.9515    ]
	path-7 , [0.41953333 0.6394     0.74456667 0.79703333 0.83276667 0.86523333
 0.88263333 0.8921     0.89833333 0.9042     0.90963333 0.91453333
 0.91903333 0.92473333 0.93056667 0.9356     0.94013333 0.94413333
 0.94746667 0.95173333]
alpha0.2 (snr=1.5)
	path-0 , [0.3938     0.62413333 0.74313333 0.80793333 0.84823333 0.8755
 0.8943     0.9081     0.91956667 0.92903333 0.93673333 0.94366667
 0.94966667 0.95576667 0.96176667 0.9664     0.97073333 0.97423333
 0.97816667 0.98096667]
	path-1 , [0.3948     0.62133333 0.74166667 0.80776667 0.84796667 0.87696667
 0.8948     0.90866667 0.91966667 0.9299     0.93823333 0.94526667
 0.95116667 0.95756667 0.96276667 0.96663333 0.97083333 0.9744
 0.97803333 0.98133333]
	path-2 , [0.39113333 0.62253333 0.74423333 0.80923333 0.84816667 0.87773333
 0.89683333 0.9109     0.9221     0.93213333 0.94003333 0.94726667
 0.95413333 0.9605     0.96586667 0.97046667 0.97416667 0.97786667
 0.98093333 0.9838    ]
	path-3 , [0.3914     0.6203     0.74203333 0.8079     0.84796667 0.87583333
 0.8951     0.9106     0.92203333 0.93193333 0.94003333 0.94753333
 0.9541     0.96113333 0.96656667 0.97076667 0.9746     0.97813333
 0.98183333 0.98456667]
	path-4 , [0.39353333 0.62153333 0.74353333 0.80873333 0.8484     0.87633333
 0.8958     0.9099     0.92143333 0.93123333 0.9398     0.9473
 0.95423333 0.96043333 0.96643333 0.97133333 0.97523333 0.97856667
 0.9823     0.9849    ]
	path-5 , [0.39286667 0.6245     0.74603333 0.80986667 0.85036667 0.87806667
 0.89733333 0.91163333 0.92336667 0.93303333 0.94206667 0.94956667
 0.9566     0.96276667 0.96853333 0.97306667 0.97693333 0.9806
 0.98376667 0.98593333]
	path-6 , [0.39023333 0.62313333 0.74476667 0.8093     0.85076667 0.88
 0.89816667 0.91293333 0.92503333 0.93433333 0.9424     0.9497
 0.95616667 0.96223333 0.96803333 0.9726     0.97676667 0.98086667
 0.98376667 0.98646667]
	path-7 , [0.39556667 0.6249     0.74656667 0.8115     0.8521     0.88103333
 0.89886667 0.91316667 0.9256     0.9352     0.94363333 0.95083333
 0.95676667 0.9624     0.96846667 0.9724     0.97663333 0.9802
 0.98273333 0.98543333]
alpha0.30000000000000004 (snr=1.5)
	path-0 , [0.36053333 0.5858     0.72096667 0.79786667 0.84963333 0.88406667
 0.90933333 0.92773333 0.94033333 0.9505     0.9591     0.96576667
 0.97246667 0.9775     0.98233333 0.98576667 0.98853333 0.99063333
 0.99283333 0.99483333]
	path-1 , [0.36166667 0.58496667 0.7212     0.79933333 0.85063333 0.8853
 0.90936667 0.9277     0.94133333 0.95136667 0.96036667 0.9671
 0.97343333 0.978      0.98236667 0.98576667 0.98836667 0.99093333
 0.9932     0.99493333]
	path-2 , [0.35873333 0.5868     0.7229     0.80133333 0.8519     0.88723333
 0.9111     0.92913333 0.9426     0.9532     0.9623     0.969
 0.9755     0.98046667 0.98413333 0.9877     0.99033333 0.99243333
 0.99393333 0.99496667]
	path-3 , [0.35863333 0.58406667 0.7211     0.79896667 0.8501     0.8854
 0.9091     0.92903333 0.94263333 0.95373333 0.96263333 0.96963333
 0.97583333 0.9801     0.98413333 0.9879     0.991      0.99323333
 0.9948     0.99613333]
	path-4 , [0.3605     0.58346667 0.72053333 0.7996     0.85106667 0.8855
 0.9102     0.92946667 0.94293333 0.9536     0.96266667 0.96976667
 0.97633333 0.98113333 0.98503333 0.98833333 0.99143333 0.9937
 0.99496667 0.9961    ]
	path-5 , [0.3609     0.58683333 0.72406667 0.80086667 0.85243333 0.88726667
 0.91206667 0.931      0.94476667 0.95433333 0.96316667 0.97053333
 0.97736667 0.98226667 0.98606667 0.98946667 0.99183333 0.99376667
 0.99513333 0.99613333]
	path-6 , [0.35803333 0.58436667 0.72186667 0.80116667 0.8534     0.88926667
 0.9125     0.93146667 0.94496667 0.95503333 0.9648     0.9718
 0.9783     0.98343333 0.9869     0.99003333 0.9926     0.994
 0.99503333 0.99646667]
	path-7 , [0.3625     0.5876     0.72286667 0.80236667 0.85406667 0.88956667
 0.9133     0.9316     0.94486667 0.95506667 0.96403333 0.97096667
 0.97783333 0.9823     0.98596667 0.98893333 0.99143333 0.99356667
 0.9951     0.99643333]
alpha0.4 (snr=1.5)
	path-0 , [0.33013333 0.53966667 0.678      0.76816667 0.8298     0.87203333
 0.90276667 0.92483333 0.9407     0.9548     0.96483333 0.97243333
 0.97843333 0.9836     0.9879     0.99133333 0.9937     0.99546667
 0.9967     0.99766667]
	path-1 , [0.329      0.53873333 0.67823333 0.7668     0.82963333 0.87193333
 0.9034     0.92556667 0.94153333 0.9539     0.96403333 0.97293333
 0.97906667 0.98476667 0.9886     0.9915     0.99383333 0.99573333
 0.99696667 0.998     ]
	path-2 , [0.3271     0.54266667 0.68046667 0.76983333 0.8318     0.87456667
 0.90376667 0.9262     0.9422     0.9557     0.9661     0.97443333
 0.98053333 0.98513333 0.98943333 0.9923     0.99426667 0.996
 0.99716667 0.9978    ]
	path-3 , [0.32593333 0.53846667 0.67736667 0.76576667 0.82833333 0.87136667
 0.90296667 0.9254     0.94156667 0.9547     0.96506667 0.97413333
 0.98033333 0.98506667 0.98886667 0.99203333 0.99433333 0.996
 0.99716667 0.998     ]
	path-4 , [0.32796667 0.53776667 0.6786     0.7674     0.83006667 0.87326667
 0.90283333 0.92533333 0.94226667 0.95573333 0.9661     0.97426667
 0.98073333 0.98616667 0.9894     0.99226667 0.99446667 0.99603333
 0.99696667 0.99783333]
	path-5 , [0.32913333 0.54206667 0.67876667 0.77036667 0.831      0.87343333
 0.90276667 0.92546667 0.94256667 0.9561     0.96646667 0.97403333
 0.9801     0.98533333 0.98893333 0.99176667 0.99443333 0.99606667
 0.99726667 0.99806667]
	path-6 , [0.32616667 0.5402     0.67843333 0.76846667 0.831      0.87533333
 0.90483333 0.92786667 0.9448     0.95756667 0.96776667 0.97586667
 0.9822     0.9869     0.99013333 0.99263333 0.99466667 0.9964
 0.9975     0.99813333]
	path-7 , [0.33006667 0.5419     0.68083333 0.7702     0.83146667 0.87476667
 0.9045     0.9268     0.94243333 0.9557     0.9657     0.97413333
 0.98046667 0.98483333 0.9892     0.99213333 0.99453333 0.9961
 0.9971     0.9979    ]
alpha0.5 (snr=1.5)
	path-0 , [0.3033     0.4962     0.6267     0.72093333 0.79036667 0.84086667
 0.8792     0.90683333 0.92943333 0.94606667 0.95943333 0.9692
 0.97706667 0.98303333 0.98736667 0.99123333 0.9942     0.99586667
 0.99733333 0.99836667]
	path-1 , [0.2998     0.49376667 0.62563333 0.71773333 0.7868     0.8384
 0.87716667 0.9044     0.92596667 0.94386667 0.95683333 0.9671
 0.97576667 0.98313333 0.98776667 0.9913     0.99356667 0.9957
 0.997      0.998     ]
	path-2 , [0.30016667 0.4958     0.62776667 0.72123333 0.78906667 0.8404
 0.8761     0.9056     0.9272     0.9442     0.95673333 0.96786667
 0.97603333 0.982      0.98693333 0.99076667 0.9934     0.99516667
 0.99673333 0.9977    ]
	path-3 , [0.29803333 0.49313333 0.62473333 0.71806667 0.7849     0.8381
 0.87413333 0.904      0.9253     0.94216667 0.95493333 0.96633333
 0.97423333 0.98066667 0.9863     0.99026667 0.99316667 0.99503333
 0.99656667 0.99763333]
	path-4 , [0.29873333 0.4925     0.62536667 0.71796667 0.7851     0.836
 0.87356667 0.90303333 0.92496667 0.94196667 0.95506667 0.96636667
 0.97483333 0.98093333 0.98673333 0.99033333 0.9927     0.99476667
 0.99643333 0.9974    ]
	path-5 , [0.30033333 0.4944     0.62653333 0.71886667 0.7855     0.83643333
 0.8741     0.9024     0.9241     0.9418     0.95566667 0.96573333
 0.97386667 0.9802     0.9854     0.98956667 0.9926     0.99466667
 0.99626667 0.99756667]
	path-6 , [0.2972     0.49476667 0.6256     0.71903333 0.78676667 0.8383
 0.87536667 0.9045     0.92516667 0.94266667 0.95586667 0.96706667
 0.97553333 0.98153333 0.9868     0.99053333 0.9935     0.99533333
 0.99693333 0.998     ]
	path-7 , [0.30243333 0.49766667 0.62883333 0.71973333 0.78556667 0.8376
 0.87406667 0.90256667 0.92363333 0.9408     0.95413333 0.9646
 0.97286667 0.97973333 0.98546667 0.98936667 0.99253333 0.99473333
 0.9963     0.99726667]
alpha0.6 (snr=1.5)
	path-0 , [0.27786667 0.45543333 0.58006667 0.6765     0.74803333 0.80576667
 0.84826667 0.88416667 0.91106667 0.93196667 0.9474     0.9609
 0.97103333 0.97946667 0.9849     0.98953333 0.99243333 0.99476667
 0.99683333 0.99766667]
	path-1 , [0.27496667 0.4509     0.57693333 0.6706     0.7419     0.79786667
 0.84116667 0.87743333 0.906      0.92676667 0.9442     0.95833333
 0.96836667 0.977      0.98326667 0.9881     0.9915     0.99396667
 0.99596667 0.99723333]
	path-2 , [0.27323333 0.45213333 0.57703333 0.67053333 0.74123333 0.79686667
 0.83983333 0.8765     0.9039     0.92726667 0.94386667 0.9566
 0.96773333 0.97603333 0.98223333 0.9871     0.99043333 0.99336667
 0.99483333 0.99666667]
	path-3 , [0.27306667 0.45206667 0.57326667 0.66656667 0.73593333 0.79326667
 0.8366     0.8711     0.89886667 0.9216     0.93986667 0.954
 0.96523333 0.9737     0.98113333 0.9864     0.99016667 0.99266667
 0.9947     0.99656667]
	path-4 , [0.27356667 0.44883333 0.57306667 0.66576667 0.7368     0.7902
 0.8328     0.8695     0.8971     0.92106667 0.93943333 0.95276667
 0.96466667 0.9746     0.9802     0.98543333 0.9896     0.99226667
 0.9946     0.99616667]
	path-5 , [0.27506667 0.45156667 0.57623333 0.66826667 0.73653333 0.78976667
 0.83376667 0.8691     0.89586667 0.91926667 0.93716667 0.95206667
 0.96426667 0.97326667 0.97953333 0.98466667 0.9888     0.99173333
 0.99396667 0.996     ]
	path-6 , [0.27123333 0.45006667 0.57346667 0.66723333 0.73566667 0.78943333
 0.83323333 0.86906667 0.8982     0.91996667 0.93816667 0.95236667
 0.96446667 0.97353333 0.98013333 0.98506667 0.9895     0.99266667
 0.99506667 0.99676667]
	path-7 , [0.2753     0.4532     0.57596667 0.668      0.73456667 0.78936667
 0.83166667 0.8676     0.89563333 0.9163     0.93466667 0.9502
 0.9617     0.97083333 0.97803333 0.98403333 0.98896667 0.99206667
 0.99426667 0.9958    ]
alpha0.7000000000000001 (snr=1.5)
	path-0 , [0.25646667 0.4189     0.5391     0.63516667 0.7114     0.77213333
 0.8203     0.8607     0.8913     0.9159     0.93573333 0.95073333
 0.96466667 0.97363333 0.9807     0.9863     0.99033333 0.99333333
 0.99526667 0.99693333]
	path-1 , [0.2524     0.4114     0.53143333 0.6252     0.69843333 0.7602
 0.80966667 0.8502     0.88273333 0.90883333 0.9298     0.94636667
 0.95943333 0.96923333 0.97813333 0.984      0.9882     0.99203333
 0.99443333 0.99626667]
	path-2 , [0.25086667 0.41086667 0.52986667 0.62453333 0.69683333 0.75326667
 0.8032     0.846      0.88026667 0.90583333 0.9282     0.94473333
 0.95686667 0.96733333 0.97616667 0.98216667 0.9874     0.99066667
 0.9933     0.9954    ]
	path-3 , [0.25176667 0.41223333 0.52693333 0.6176     0.69216667 0.75216667
 0.79963333 0.83926667 0.87253333 0.8989     0.92123333 0.9396
 0.95443333 0.96546667 0.97456667 0.98113333 0.9866     0.99016667
 0.993      0.9953    ]
	path-4 , [0.251      0.4084     0.5257     0.61716667 0.69066667 0.7476
 0.7946     0.83636667 0.8698     0.8976     0.92046667 0.9374
 0.95266667 0.96486667 0.9737     0.98046667 0.98533333 0.9892
 0.99246667 0.9948    ]
	path-5 , [0.2524     0.4123     0.52903333 0.61996667 0.6901     0.74713333
 0.7943     0.83333333 0.8676     0.8951     0.91766667 0.93593333
 0.95176667 0.96353333 0.97256667 0.9792     0.98476667 0.98883333
 0.99143333 0.99416667]
	path-6 , [0.24926667 0.41073333 0.52683333 0.61663333 0.688      0.74433333
 0.79256667 0.83366667 0.86816667 0.89346667 0.91703333 0.936
 0.9513     0.96326667 0.97246667 0.97923333 0.98496667 0.98986667
 0.99263333 0.99496667]
	path-7 , [0.25246667 0.41306667 0.52793333 0.6174     0.687      0.74246667
 0.79043333 0.83086667 0.86446667 0.891      0.9147     0.93306667
 0.94793333 0.9605     0.97033333 0.97726667 0.984      0.98873333
 0.9917     0.9941    ]
alpha0.8 (snr=1.5)
	path-0 , [0.23883333 0.38933333 0.50503333 0.6013     0.68046667 0.74553333
 0.79756667 0.83933333 0.87576667 0.90236667 0.92483333 0.94283333
 0.95583333 0.96773333 0.9764     0.9833     0.9876     0.99143333
 0.9943     0.9963    ]
	path-1 , [0.23233333 0.38123333 0.49613333 0.58686667 0.66366667 0.72733333
 0.7834     0.82693333 0.86336667 0.8929     0.91716667 0.93626667
 0.9515     0.9629     0.9727     0.97973333 0.98523333 0.98956667
 0.99283333 0.9954    ]
	path-2 , [0.23296667 0.37936667 0.49076667 0.58366667 0.65806667 0.7208
 0.77473333 0.8185     0.8579     0.88863333 0.91406667 0.9334
 0.94933333 0.9596     0.9703     0.9776     0.98373333 0.98846667
 0.9915     0.99386667]
	path-3 , [0.23303333 0.37973333 0.4875     0.576      0.65156667 0.71496667
 0.7691     0.81173333 0.84926667 0.8792     0.90423333 0.9266
 0.94386667 0.95733333 0.96843333 0.9766     0.9828     0.98803333
 0.99153333 0.99386667]
	path-4 , [0.23153333 0.3758     0.48483333 0.57473333 0.65023333 0.71136667
 0.76456667 0.8072     0.84536667 0.87673333 0.9046     0.92463333
 0.94176667 0.95566667 0.96643333 0.97463333 0.98153333 0.98613333
 0.99026667 0.9933    ]
	path-5 , [0.23396667 0.37996667 0.48746667 0.57593333 0.64823333 0.70896667
 0.7601     0.80523333 0.84226667 0.87453333 0.9002     0.92193333
 0.9401     0.9543     0.96526667 0.9743     0.98076667 0.98616667
 0.98926667 0.99266667]
	path-6 , [0.2296     0.3783     0.4862     0.575      0.64713333 0.70473333
 0.7569     0.8023     0.8412     0.87326667 0.89996667 0.92116667
 0.93916667 0.95356667 0.9646     0.9732     0.9803     0.98613333
 0.9906     0.99343333]
	path-7 , [0.23353333 0.37953333 0.4864     0.57366667 0.64396667 0.70416667
 0.75486667 0.79796667 0.83703333 0.86923333 0.8949     0.91826667
 0.9362     0.94996667 0.96256667 0.97143333 0.97883333 0.98493333
 0.98923333 0.99213333]
alpha0.9 (snr=1.5)
	path-0 , [0.2238     0.3669     0.47843333 0.5742     0.65606667 0.7228
 0.77833333 0.82256667 0.8605     0.89126667 0.91543333 0.93446667
 0.9498     0.96206667 0.97246667 0.9802     0.98596667 0.98976667
 0.9929     0.99533333]
	path-1 , [0.21773333 0.35646667 0.46623333 0.55763333 0.63573333 0.70213333
 0.76026667 0.8074     0.84676667 0.88036667 0.90693333 0.92733333
 0.94443333 0.9573     0.9679     0.97593333 0.9826     0.98746667
 0.99126667 0.99423333]
	path-2 , [0.2169     0.35263333 0.46056667 0.5515     0.62816667 0.6948
 0.7502     0.7984     0.83966667 0.87286667 0.90153333 0.92323333
 0.94083333 0.9538     0.96486667 0.97353333 0.9804     0.98613333
 0.9896     0.99293333]
	path-3 , [0.21773333 0.3518     0.45543333 0.5457     0.62013333 0.68553333
 0.74326667 0.791      0.82976667 0.8628     0.8912     0.91443333
 0.93516667 0.94996667 0.9625     0.97253333 0.9795     0.98503333
 0.98973333 0.99303333]
	path-4 , [0.21556667 0.3503     0.45216667 0.5414     0.6173     0.68153333
 0.73846667 0.78406667 0.82523333 0.85916667 0.88946667 0.9125
 0.93183333 0.94776667 0.96116667 0.97026667 0.97776667 0.98326667
 0.9884     0.99216667]
	path-5 , [0.21593333 0.35436667 0.45533333 0.54133333 0.61456667 0.67763333
 0.73283333 0.7808     0.81973333 0.85683333 0.88653333 0.9104
 0.92953333 0.94536667 0.95853333 0.9692     0.9772     0.98313333
 0.98733333 0.9909    ]
	path-6 , [0.21326667 0.35163333 0.45376667 0.5399     0.6133     0.67413333
 0.72823333 0.77623333 0.81916667 0.85376667 0.88523333 0.9088
 0.92853333 0.94473333 0.95796667 0.96826667 0.97613333 0.9827
 0.9882     0.9919    ]
	path-7 , [0.2172     0.3521     0.4536     0.53843333 0.61036667 0.67106667
 0.7262     0.7719     0.81443333 0.84926667 0.87906667 0.9043
 0.92523333 0.94086667 0.95583333 0.96606667 0.97503333 0.98143333
 0.98656667 0.99073333]
path_index = 0
	ranking_index = [15, 23, 27, 29, 39, 30, 84, 43, 71, 97, 45, 88, 98, 51, 75, 77, 46, 100, 83, 53]
	ranking_prob = [0.41995266824439187, 0.21505949801673277, 0.10279657344755175, 0.049698343388553716, 0.04536515449485017, 0.025965801139962, 0.020665977800739976, 0.018766041131962268, 0.0161994600179994, 0.013366221125962467, 0.010932968901036632, 0.009233025565814472, 0.007733075564147862, 0.007566414452851572, 0.007166427785740476, 0.00489983667211093, 0.00473317556081464, 0.0037332088930368988, 0.0036332122262591245, 0.0034998833372220928]
path_index = 1
	ranking_index = [15, 23, 27, 29, 39, 30, 84, 43, 71, 97, 45, 88, 51, 75, 98, 46, 77, 100, 83, 53]
	ranking_prob = [0.4191193626879104, 0.21355954801506616, 0.10302989900336655, 0.05113162894570181, 0.04519849338355388, 0.025899136695443484, 0.019732675577480752, 0.019499350021665945, 0.01673277557414753, 0.013932868904369854, 0.011766274457518083, 0.00843305223159228, 0.007599746675110829, 0.007399753341555282, 0.006766441118629379, 0.004633178894036865, 0.004066531115629479, 0.003966534448851705, 0.003666544448518383, 0.0035332155594813507]
path_index = 2
	ranking_index = [15, 23, 27, 29, 39, 30, 84, 43, 71, 45, 97, 88, 51, 75, 98, 77, 46, 53, 83, 100]
	ranking_prob = [0.4180193993533549, 0.21499283357221427, 0.10446318456051465, 0.05086497116762775, 0.04489850338322056, 0.024532515582813906, 0.02059931335622146, 0.020165994466851106, 0.01703276557448085, 0.012199593346888436, 0.0118329389020366, 0.00843305223159228, 0.007433085563814539, 0.007366421119296023, 0.005633145561814606, 0.005199826672444252, 0.004399853338222059, 0.004333188893703543, 0.003999866671110963, 0.003099896670110996]
path_index = 3
	ranking_index = [15, 23, 27, 29, 39, 30, 84, 43, 71, 45, 97, 88, 51, 75, 98, 77, 46, 83, 53, 100]
	ranking_prob = [0.41615279490683643, 0.21385953801539948, 0.10626312456251458, 0.05043165227825739, 0.0458984700509983, 0.025565814472850903, 0.020132662244591846, 0.018832705576480785, 0.01753274890836972, 0.011366287790406986, 0.01063297890070331, 0.008899703343221892, 0.008166394453518216, 0.0074664177860737976, 0.0058998033398886705, 0.005166494450184994, 0.004666511116296124, 0.004233192226925769, 0.004166527782407253, 0.0035332155594813507]
path_index = 4
	ranking_index = [15, 23, 27, 29, 39, 30, 84, 43, 71, 45, 97, 88, 75, 51, 98, 77, 46, 83, 53, 100]
	ranking_prob = [0.4205526482450585, 0.21339288690376987, 0.10269657678077397, 0.05069831005633146, 0.045331822272590916, 0.02546581780607313, 0.020999300023332557, 0.01976600779974001, 0.01636612112929569, 0.012299590013666211, 0.011199626679110695, 0.008733042231925602, 0.008166394453518216, 0.007999733342221926, 0.005433152228259058, 0.005133162227925736, 0.00473317556081464, 0.003999866671110963, 0.0034998833372220928, 0.002666577780740642]
path_index = 5
	ranking_index = [15, 23, 27, 29, 39, 30, 84, 43, 71, 45, 97, 88, 75, 51, 77, 98, 46, 53, 83, 100]
	ranking_prob = [0.4179194026865771, 0.21522615912802906, 0.10446318456051465, 0.052564914502849905, 0.045498483383887206, 0.02416586113796207, 0.02126595780140662, 0.018999366687777075, 0.017299423352554914, 0.01166627779074031, 0.009366354454851506, 0.008699710009666345, 0.00826639112029599, 0.008133062231258958, 0.005099830005666478, 0.0050331655611479615, 0.004699843338555381, 0.004133195560147995, 0.004033198893370221, 0.002499916669444352]
path_index = 6
	ranking_index = [15, 23, 27, 29, 39, 30, 84, 43, 71, 45, 97, 51, 88, 75, 77, 98, 46, 83, 53, 100]
	ranking_prob = [0.4172194260191327, 0.21625945801806606, 0.10546315122829239, 0.049365021165961136, 0.0465317822739242, 0.025765807806406454, 0.020799306689777006, 0.01959934668844372, 0.0172327589080364, 0.011566281123962534, 0.010732975567481083, 0.008399720009333022, 0.007566414452851572, 0.007366421119296023, 0.0052664911169627675, 0.004666511116296124, 0.004366521115962801, 0.0042665244491850276, 0.0037998733375554147, 0.002333255558148062]
path_index = 7
	ranking_index = [15, 23, 27, 29, 39, 30, 43, 84, 71, 45, 97, 88, 75, 51, 98, 77, 46, 83, 53, 100]
	ranking_prob = [0.42048598380054, 0.21699276690776975, 0.10256324789173694, 0.05006499783340555, 0.047365087830405654, 0.02549915002833239, 0.018632712242925235, 0.018499383353888205, 0.017632745575147494, 0.01146628445718476, 0.009899670010999633, 0.00943301889937002, 0.00793306889770341, 0.007833072230925636, 0.005199826672444252, 0.005133162227925736, 0.004533182227259091, 0.004199860004666511, 0.0035998800039998666, 0.0022332588913702876]
alpha0.1 (snr=2.0)
	path-0 , [0.42623333 0.6518     0.75773333 0.81346667 0.84906667 0.87973333
 0.8983     0.90766667 0.9134     0.9179     0.92176667 0.9257
 0.92953333 0.93376667 0.93843333 0.94193333 0.9453     0.94846667
 0.95186667 0.95603333]
	path-1 , [0.4251     0.64913333 0.75506667 0.81033333 0.8469     0.87923333
 0.89753333 0.90746667 0.91376667 0.91836667 0.92276667 0.92686667
 0.93063333 0.93413333 0.93856667 0.94183333 0.9452     0.94923333
 0.95246667 0.9566    ]
	path-2 , [0.42563333 0.6499     0.7554     0.81073333 0.84733333 0.88063333
 0.8993     0.90886667 0.91443333 0.91906667 0.92346667 0.92743333
 0.93206667 0.93633333 0.94096667 0.94443333 0.9475     0.9509
 0.95426667 0.95833333]
	path-3 , [0.42393333 0.6483     0.75443333 0.81033333 0.84786667 0.87856667
 0.8975     0.90756667 0.91373333 0.9186     0.9232     0.92733333
 0.9314     0.935      0.93966667 0.9433     0.94683333 0.9508
 0.95413333 0.95846667]
	path-4 , [0.42506667 0.6482     0.75503333 0.81116667 0.84793333 0.88013333
 0.89876667 0.90856667 0.91423333 0.91923333 0.92426667 0.92886667
 0.9333     0.93796667 0.9422     0.9464     0.9501     0.954
 0.9571     0.9615    ]
	path-5 , [0.42613333 0.65236667 0.75886667 0.81393333 0.8487     0.8792
 0.89833333 0.90866667 0.91506667 0.91983333 0.92416667 0.9283
 0.93223333 0.93673333 0.94146667 0.9451     0.94863333 0.95173333
 0.95466667 0.95843333]
	path-6 , [0.42473333 0.6503     0.7551     0.8112     0.84816667 0.88083333
 0.9001     0.90996667 0.9161     0.92086667 0.92516667 0.93013333
 0.93416667 0.93803333 0.9427     0.9473     0.95123333 0.95446667
 0.95766667 0.96213333]
	path-7 , [0.42916667 0.6528     0.75766667 0.8117     0.849      0.88056667
 0.8998     0.90933333 0.91546667 0.9203     0.9246     0.92886667
 0.9333     0.93726667 0.94186667 0.94533333 0.94936667 0.95273333
 0.95613333 0.9604    ]
alpha0.2 (snr=2.0)
	path-0 , [0.3941     0.62966667 0.75766667 0.8268     0.86913333 0.89576667
 0.91506667 0.92913333 0.9385     0.94766667 0.95403333 0.96003333
 0.9655     0.97036667 0.9741     0.9782     0.9809     0.98383333
 0.98583333 0.9882    ]
	path-1 , [0.39223333 0.62706667 0.7548     0.82446667 0.8673     0.89523333
 0.9145     0.9298     0.9398     0.94866667 0.9546     0.96143333
 0.9665     0.9714     0.97636667 0.97966667 0.98266667 0.98583333
 0.9877     0.98963333]
	path-2 , [0.39406667 0.6279     0.7552     0.82446667 0.8674     0.89603333
 0.91663333 0.93156667 0.9414     0.95056667 0.9579     0.96396667
 0.96933333 0.9736     0.9775     0.9809     0.98376667 0.9869
 0.9888     0.99056667]
	path-3 , [0.39053333 0.62333333 0.75333333 0.82383333 0.86736667 0.8945
 0.9157     0.9311     0.94176667 0.95106667 0.95733333 0.9632
 0.96856667 0.97313333 0.97786667 0.98076667 0.98363333 0.98643333
 0.9884     0.9904    ]
	path-4 , [0.39133333 0.62616667 0.7555     0.82433333 0.86833333 0.8963
 0.91753333 0.9323     0.94306667 0.9522     0.95903333 0.9652
 0.9704     0.97506667 0.9789     0.98226667 0.98483333 0.9875
 0.98943333 0.9912    ]
	path-5 , [0.39443333 0.63096667 0.7584     0.82713333 0.8686     0.89646667
 0.91683333 0.9308     0.9411     0.95006667 0.9575     0.96393333
 0.96913333 0.97353333 0.97763333 0.98156667 0.98416667 0.98706667
 0.989      0.99116667]
	path-6 , [0.39213333 0.62843333 0.75456667 0.8245     0.86846667 0.89746667
 0.918      0.9334     0.94343333 0.95223333 0.9596     0.96516667
 0.9706     0.97513333 0.97943333 0.98293333 0.98543333 0.98813333
 0.98976667 0.9919    ]
	path-7 , [0.39596667 0.63016667 0.7571     0.82583333 0.8685     0.89663333
 0.91696667 0.9316     0.94153333 0.95116667 0.9582     0.9644
 0.96973333 0.97393333 0.9782     0.98193333 0.98473333 0.98753333
 0.9899     0.99173333]
alpha0.30000000000000004 (snr=2.0)
	path-0 , [0.3573     0.5859     0.7237     0.81176667 0.86573333 0.90153333
 0.92486667 0.94176667 0.95423333 0.9634     0.971      0.97656667
 0.981      0.98556667 0.98846667 0.99063333 0.99286667 0.9945
 0.99593333 0.99706667]
	path-1 , [0.35693333 0.58333333 0.7217     0.8082     0.86276667 0.9012
 0.92566667 0.94283333 0.95426667 0.96436667 0.97226667 0.9786
 0.9832     0.987      0.98963333 0.99203333 0.99386667 0.99513333
 0.9961     0.99673333]
	path-2 , [0.35766667 0.58226667 0.71993333 0.80876667 0.8648     0.90046667
 0.92673333 0.94436667 0.95713333 0.96646667 0.97423333 0.97976667
 0.9843     0.98763333 0.99053333 0.99306667 0.99486667 0.99606667
 0.99703333 0.9977    ]
	path-3 , [0.35406667 0.5791     0.71986667 0.80756667 0.86306667 0.9005
 0.92563333 0.94386667 0.9567     0.9662     0.97353333 0.97956667
 0.9842     0.98783333 0.99073333 0.99303333 0.99476667 0.99626667
 0.99713333 0.998     ]
	path-4 , [0.35486667 0.58166667 0.72046667 0.80956667 0.8643     0.90296667
 0.92686667 0.94483333 0.9573     0.96776667 0.97496667 0.98063333
 0.9855     0.98856667 0.99136667 0.99376667 0.99513333 0.9967
 0.9975     0.99813333]
	path-5 , [0.35846667 0.585      0.7232     0.81153333 0.86606667 0.90213333
 0.92633333 0.944      0.95673333 0.96633333 0.97406667 0.98026667
 0.9853     0.98873333 0.99126667 0.99326667 0.99503333 0.9964
 0.99736667 0.99803333]
	path-6 , [0.35763333 0.58513333 0.72263333 0.8112     0.86516667 0.90276667
 0.92693333 0.94473333 0.95763333 0.96723333 0.97506667 0.98106667
 0.9853     0.9892     0.99183333 0.99403333 0.99566667 0.99656667
 0.99736667 0.99783333]
	path-7 , [0.36026667 0.58433333 0.7235     0.81156667 0.8649     0.90096667
 0.9258     0.94326667 0.95663333 0.96653333 0.974      0.98003333
 0.98473333 0.9886     0.9912     0.99316667 0.99456667 0.99623333
 0.99713333 0.998     ]
alpha0.4 (snr=2.0)
	path-0 , [0.3261     0.52973333 0.66986667 0.7661     0.8287     0.87736667
 0.90893333 0.93143333 0.9469     0.9593     0.96966667 0.9771
 0.98316667 0.9873     0.9908     0.9935     0.99546667 0.9967
 0.9978     0.99846667]
	path-1 , [0.32446667 0.52803333 0.6658     0.76293333 0.82606667 0.87296667
 0.9059     0.93083333 0.9481     0.96036667 0.97123333 0.97796667
 0.9837     0.98816667 0.99143333 0.99353333 0.99496667 0.9964
 0.99743333 0.99806667]
	path-2 , [0.3262     0.5279     0.6666     0.76153333 0.8271     0.87403333
 0.90826667 0.93166667 0.94816667 0.9615     0.97086667 0.97823333
 0.984      0.989      0.9921     0.99453333 0.9961     0.99716667
 0.9979     0.99853333]
	path-3 , [0.32386667 0.52446667 0.66293333 0.7591     0.82233333 0.87073333
 0.90463333 0.92926667 0.94626667 0.96       0.97023333 0.9781
 0.98386667 0.9885     0.9918     0.99376667 0.99556667 0.99696667
 0.99776667 0.9983    ]
	path-4 , [0.32453333 0.5266     0.66596667 0.76133333 0.8257     0.87303333
 0.90596667 0.93063333 0.9473     0.9598     0.9704     0.97806667
 0.98403333 0.98843333 0.9914     0.99433333 0.9959     0.99693333
 0.9978     0.99843333]
	path-5 , [0.32776667 0.52933333 0.66836667 0.764      0.8276     0.87383333
 0.90723333 0.93093333 0.9472     0.95983333 0.9703     0.9788
 0.98386667 0.98863333 0.99163333 0.99403333 0.99606667 0.9973
 0.99803333 0.9986    ]
	path-6 , [0.32706667 0.52906667 0.66753333 0.7628     0.82556667 0.8728
 0.9054     0.92903333 0.94623333 0.95956667 0.96976667 0.9777
 0.98336667 0.98776667 0.99126667 0.9939     0.9957     0.99703333
 0.99783333 0.99836667]
	path-7 , [0.33033333 0.5308     0.66933333 0.76263333 0.82693333 0.8723
 0.90556667 0.92946667 0.94696667 0.96003333 0.96946667 0.97766667
 0.98296667 0.9872     0.99063333 0.99313333 0.99513333 0.9966
 0.99766667 0.9983    ]
alpha0.5 (snr=2.0)
	path-0 , [0.29693333 0.48116667 0.6137     0.71076667 0.78226667 0.83566667
 0.8762     0.9069     0.92786667 0.94616667 0.95976667 0.97053333
 0.97826667 0.9842     0.98843333 0.99206667 0.99456667 0.99606667
 0.9972     0.99826667]
	path-1 , [0.29413333 0.48006667 0.60753333 0.70233333 0.774      0.8296
 0.86976667 0.90106667 0.92576667 0.94416667 0.95846667 0.96896667
 0.97663333 0.9837     0.98803333 0.9912     0.9932     0.99533333
 0.99663333 0.99726667]
	path-2 , [0.29616667 0.4773     0.60606667 0.70216667 0.77456667 0.82663333
 0.86733333 0.89943333 0.9236     0.94233333 0.9571     0.96816667
 0.97653333 0.98276667 0.98783333 0.9914     0.9935     0.9954
 0.99673333 0.99753333]
	path-3 , [0.29343333 0.47636667 0.60333333 0.69853333 0.76763333 0.8238
 0.86413333 0.89513333 0.92026667 0.93933333 0.9539     0.9659
 0.97486667 0.9821     0.98693333 0.99026667 0.99286667 0.99486667
 0.9964     0.99743333]
	path-4 , [0.2947     0.47673333 0.60443333 0.699      0.76856667 0.8234
 0.86453333 0.89563333 0.92023333 0.9387     0.9543     0.9667
 0.9751     0.9814     0.9867     0.9904     0.99333333 0.99533333
 0.9966     0.9975    ]
	path-5 , [0.29593333 0.47886667 0.60853333 0.70303333 0.77356667 0.82496667
 0.86573333 0.89586667 0.92136667 0.9394     0.9537     0.96523333
 0.97473333 0.98123333 0.98663333 0.99043333 0.99303333 0.99513333
 0.99636667 0.99736667]
	path-6 , [0.29633333 0.47966667 0.606      0.7005     0.76926667 0.8226
 0.86463333 0.89363333 0.91723333 0.93726667 0.95133333 0.96396667
 0.97296667 0.98       0.98576667 0.98966667 0.99266667 0.99473333
 0.99623333 0.99726667]
	path-7 , [0.2986     0.4805     0.60963333 0.70256667 0.77153333 0.82356667
 0.8633     0.8933     0.91826667 0.93613333 0.95243333 0.96466667
 0.97286667 0.97933333 0.98506667 0.98886667 0.99173333 0.9942
 0.9961     0.99726667]
alpha0.6 (snr=2.0)
	path-0 , [0.27023333 0.4399     0.5648     0.6589     0.73456667 0.79383333
 0.84083333 0.87783333 0.90666667 0.92936667 0.94586667 0.95946667
 0.9699     0.9772     0.9839     0.98873333 0.99226667 0.99473333
 0.9965     0.99746667]
	path-1 , [0.26796667 0.43476667 0.55506667 0.6478     0.72293333 0.78223333
 0.82843333 0.86873333 0.9        0.92416667 0.94123333 0.95553333
 0.96643333 0.97503333 0.98206667 0.9868     0.9904     0.9933
 0.99536667 0.9963    ]
	path-2 , [0.2696     0.43096667 0.55236667 0.64516667 0.71966667 0.7777
 0.8253     0.86316667 0.89413333 0.91953333 0.93816667 0.95496667
 0.96623333 0.9743     0.9811     0.98686667 0.99046667 0.99323333
 0.99556667 0.99663333]
	path-3 , [0.266      0.43093333 0.54856667 0.64026667 0.71373333 0.77143333
 0.819      0.8567     0.88763333 0.91346667 0.93426667 0.95016667
 0.96243333 0.97213333 0.9797     0.9852     0.9893     0.9925
 0.99436667 0.9958    ]
	path-4 , [0.26743333 0.43116667 0.55196667 0.6415     0.71186667 0.76976667
 0.81576667 0.85583333 0.8888     0.91406667 0.93346667 0.94893333
 0.96093333 0.9709     0.97903333 0.98473333 0.98903333 0.992
 0.9948     0.9964    ]
	path-5 , [0.2683     0.4329     0.5557     0.64556667 0.71773333 0.77233333
 0.82106667 0.8564     0.88796667 0.91253333 0.93263333 0.94793333
 0.96113333 0.97106667 0.9783     0.9849     0.9886     0.9917
 0.9949     0.99636667]
	path-6 , [0.2696     0.43416667 0.55226667 0.6412     0.71116667 0.76796667
 0.8155     0.85333333 0.88443333 0.90876667 0.92893333 0.94426667
 0.9589     0.97       0.9778     0.9836     0.98796667 0.9917
 0.9942     0.99563333]
	path-7 , [0.2706     0.43426667 0.55456667 0.64363333 0.71406667 0.7706
 0.81553333 0.85283333 0.8842     0.908      0.92863333 0.94616667
 0.9596     0.9692     0.9764     0.9826     0.98703333 0.99103333
 0.99393333 0.99586667]
alpha0.7000000000000001 (snr=2.0)
	path-0 , [0.2473     0.40486667 0.52316667 0.61656667 0.69576667 0.76153333
 0.81113333 0.85143333 0.8856     0.91273333 0.93353333 0.9486
 0.9622     0.9714     0.9792     0.98486667 0.98963333 0.99303333
 0.99516667 0.9965    ]
	path-1 , [0.24393333 0.3962     0.509      0.60023333 0.6787     0.7427
 0.79486667 0.83966667 0.87416667 0.9044     0.92673333 0.94256667
 0.95623333 0.9666     0.97603333 0.98186667 0.98716667 0.99046667
 0.99353333 0.99543333]
	path-2 , [0.2447     0.39326667 0.5063     0.59643333 0.67186667 0.73726667
 0.78823333 0.8307     0.86766667 0.8972     0.92173333 0.94026667
 0.95513333 0.9657     0.9743     0.9813     0.98663333 0.99043333
 0.99353333 0.9952    ]
	path-3 , [0.242      0.39233333 0.50173333 0.59006667 0.6659     0.72843333
 0.77986667 0.82306667 0.8579     0.89086667 0.91486667 0.93413333
 0.9498     0.96233333 0.972      0.97936667 0.98483333 0.98943333
 0.9923     0.9946    ]
	path-4 , [0.24283333 0.3901     0.50513333 0.59066667 0.66283333 0.7248
 0.7767     0.82153333 0.85736667 0.8877     0.91456667 0.93306667
 0.94856667 0.96073333 0.97023333 0.97876667 0.98476667 0.98906667
 0.99256667 0.99486667]
	path-5 , [0.2448     0.39276667 0.5067     0.5943     0.6673     0.72706667
 0.77866667 0.82126667 0.85626667 0.88713333 0.91213333 0.93086667
 0.94786667 0.96053333 0.97116667 0.9794     0.98443333 0.9884
 0.992      0.99453333]
	path-6 , [0.24453333 0.39323333 0.5045     0.5901     0.66123333 0.7213
 0.77276667 0.81696667 0.85283333 0.88376667 0.90903333 0.9283
 0.9447     0.95896667 0.96946667 0.97743333 0.98326667 0.9882
 0.99166667 0.99413333]
	path-7 , [0.24523333 0.3954     0.5058     0.59123333 0.6621     0.72263333
 0.77446667 0.81716667 0.85156667 0.8804     0.90613333 0.92776667
 0.94526667 0.9589     0.9688     0.97703333 0.9824     0.98713333
 0.99113333 0.99386667]
alpha0.8 (snr=2.0)
	path-0 , [0.23033333 0.37903333 0.49343333 0.58653333 0.66646667 0.73516667
 0.78983333 0.83233333 0.8685     0.89956667 0.92243333 0.9397
 0.95486667 0.96543333 0.97483333 0.98246667 0.98743333 0.9911
 0.9941     0.9957    ]
	path-1 , [0.2257     0.3675     0.47593333 0.5668     0.6451     0.7122
 0.76923333 0.8154     0.8547     0.8872     0.91343333 0.9326
 0.94723333 0.95966667 0.97006667 0.9777     0.98373333 0.9882
 0.99196667 0.99436667]
	path-2 , [0.22756667 0.36436667 0.47166667 0.55993333 0.63413333 0.7033
 0.75946667 0.80773333 0.8456     0.8797     0.9066     0.92723333
 0.945      0.95826667 0.96863333 0.97633333 0.98296667 0.98806667
 0.99153333 0.9939    ]
	path-3 , [0.22433333 0.36166667 0.46703333 0.55186667 0.62693333 0.693
 0.751      0.79713333 0.83626667 0.8699     0.89743333 0.92173333
 0.9395     0.95366667 0.96543333 0.97393333 0.98133333 0.98636667
 0.99053333 0.993     ]
	path-4 , [0.22486667 0.3609     0.46786667 0.5509     0.62293333 0.69023333
 0.74556667 0.7946     0.83356667 0.86803333 0.8963     0.92026667
 0.93863333 0.9522     0.9637     0.97296667 0.98033333 0.98606667
 0.99046667 0.99333333]
	path-5 , [0.2258     0.36373333 0.4686     0.55326667 0.62733333 0.691
 0.74556667 0.79336667 0.832      0.865      0.89433333 0.9169
 0.93546667 0.9509     0.9634     0.97346667 0.98066667 0.98536667
 0.98983333 0.9932    ]
	path-6 , [0.22593333 0.3636     0.4676     0.55023333 0.6207     0.6836
 0.73766667 0.78726667 0.8271     0.86266667 0.8902     0.91383333
 0.93246667 0.94883333 0.96126667 0.9717     0.97903333 0.9847
 0.98926667 0.99273333]
	path-7 , [0.2251     0.3639     0.46723333 0.55033333 0.62216667 0.6846
 0.73843333 0.7857     0.8258     0.85776667 0.88756667 0.91233333
 0.93303333 0.94846667 0.96113333 0.97053333 0.9784     0.98446667
 0.9888     0.9919    ]
alpha0.9 (snr=2.0)
	path-0 , [0.2157     0.35716667 0.46946667 0.56206667 0.64353333 0.71363333
 0.7722     0.8164     0.85316667 0.8874     0.91373333 0.93363333
 0.94913333 0.96106667 0.9707     0.97963333 0.98516667 0.98996667
 0.9933     0.99506667]
	path-1 , [0.21006667 0.34336667 0.44953333 0.53936667 0.61796667 0.68753333
 0.7481     0.7969     0.83853333 0.87256667 0.90146667 0.9234
 0.94063333 0.95446667 0.9655     0.97443333 0.9807     0.986
 0.9905     0.99313333]
	path-2 , [0.21046667 0.33973333 0.44376667 0.5299     0.6052     0.67653333
 0.73673333 0.78753333 0.82756667 0.86436667 0.8944     0.9176
 0.9367     0.9522     0.96363333 0.9722     0.97976667 0.98586667
 0.98983333 0.993     ]
	path-3 , [0.20653333 0.33416667 0.43746667 0.5224     0.596      0.66543333
 0.7254     0.77593333 0.81823333 0.85436667 0.88423333 0.90906667
 0.93046667 0.94683333 0.95953333 0.9694     0.9772     0.98436667
 0.98876667 0.99183333]
	path-4 , [0.20893333 0.3356     0.43696667 0.5207     0.59336667 0.6621
 0.7198     0.77083333 0.81486667 0.8502     0.88256667 0.90803333
 0.92963333 0.94483333 0.95796667 0.9685     0.97683333 0.98303333
 0.98836667 0.99193333]
	path-5 , [0.2084     0.33636667 0.43846667 0.52183333 0.5956     0.66243333
 0.7196     0.77036667 0.8126     0.84816667 0.87956667 0.90566667
 0.9257     0.94263333 0.95696667 0.96833333 0.97663333 0.98286667
 0.98816667 0.99166667]
	path-6 , [0.2098     0.3354     0.43573333 0.5182     0.58846667 0.65313333
 0.71173333 0.76243333 0.8053     0.8442     0.87493333 0.9006
 0.922      0.94056667 0.95443333 0.9657     0.97546667 0.98203333
 0.98693333 0.991     ]
	path-7 , [0.20693333 0.33586667 0.43593333 0.5164     0.58896667 0.6528
 0.71003333 0.76103333 0.80356667 0.84096667 0.87133333 0.8987
 0.922      0.94073333 0.95456667 0.96513333 0.9747     0.9813
 0.98663333 0.99043333]
path_index = 0
	ranking_index = [15, 23, 27, 29, 39, 30, 43, 84, 97, 71, 45, 88, 98, 51, 75, 46, 100, 77, 83, 53]
	ranking_prob = [0.4292190260324656, 0.2224259191360288, 0.1019632678910703, 0.05033165561147962, 0.04619846005133162, 0.025965801139962, 0.019399353354888172, 0.017832738908703044, 0.012599580013999533, 0.011932935568814373, 0.01129962334588847, 0.007166427785740476, 0.006399786673777541, 0.00573314222859238, 0.005633145561814606, 0.004166527782407253, 0.004099863337888737, 0.003866537782073931, 0.0032665577814072863, 0.0023999200026665777]
path_index = 1
	ranking_index = [15, 23, 27, 29, 39, 30, 43, 84, 97, 45, 71, 51, 88, 98, 75, 46, 77, 83, 100, 53]
	ranking_prob = [0.4289857004766508, 0.21992600246658445, 0.10212992900236659, 0.05063164561181294, 0.04709843005233159, 0.026099130028999034, 0.02009933002233259, 0.018432718909369688, 0.011966267791073631, 0.011366287790406986, 0.011199626679110695, 0.006966434452184927, 0.006966434452184927, 0.006733108896370121, 0.0052664911169627675, 0.004599846671777608, 0.004033198893370221, 0.0032665577814072863, 0.00286657111429619, 0.0021665944468517717]
path_index = 2
	ranking_index = [15, 23, 27, 29, 39, 30, 43, 84, 71, 45, 97, 88, 51, 98, 75, 46, 77, 83, 100, 53]
	ranking_prob = [0.42991900269991, 0.21945935135495484, 0.10286323789207026, 0.04976500783307223, 0.04783173894203527, 0.026999100029999, 0.01943268557714743, 0.01803273224225859, 0.012032932235592146, 0.011699610012999566, 0.010666311122962568, 0.007799740008666378, 0.0065997800073330885, 0.006033132228925702, 0.005866471117629412, 0.0037332088930368988, 0.0037332088930368988, 0.0035665477817406087, 0.002766574447518416, 0.00236658778040732]
path_index = 3
	ranking_index = [15, 23, 27, 29, 39, 30, 43, 84, 71, 45, 97, 88, 51, 98, 75, 77, 46, 83, 53, 100]
	ranking_prob = [0.42748575047498416, 0.2216259458018066, 0.1017299423352555, 0.051398286723775874, 0.046698443385220494, 0.026032465584480517, 0.020032665577814072, 0.017332755574814174, 0.011866271124295856, 0.011599613346221792, 0.0107996400119996, 0.008233058898036731, 0.007099763341221959, 0.00573314222859238, 0.0053998200059998, 0.004366521115962801, 0.004066531115629479, 0.004066531115629479, 0.002666577780740642, 0.00253324889170361]
path_index = 4
	ranking_index = [15, 23, 27, 29, 39, 30, 43, 84, 71, 45, 97, 88, 51, 75, 98, 46, 77, 83, 53, 100]
	ranking_prob = [0.4293190226992434, 0.21819272690910302, 0.10346321789273691, 0.05119829339022033, 0.04826505783140562, 0.02629912336255458, 0.019466017799406685, 0.01819939335355488, 0.012566247791740275, 0.011332955568147729, 0.010199660011332956, 0.007566414452851572, 0.006933102229925669, 0.006699776674110863, 0.0050331655611479615, 0.004199860004666511, 0.004133195560147995, 0.0033332222259258026, 0.002499916669444352, 0.0021665944468517717]
path_index = 5
	ranking_index = [15, 23, 27, 29, 39, 30, 43, 84, 71, 45, 97, 88, 51, 75, 98, 46, 77, 83, 53, 100]
	ranking_prob = [0.4292856904769841, 0.22339255358154728, 0.10182993900203327, 0.05116496116796107, 0.04546515116162794, 0.025232492250258323, 0.019132695576814105, 0.016932768907703077, 0.01299956668111063, 0.01199960001333289, 0.01146628445718476, 0.007666411119629346, 0.006799773340888637, 0.0058998033398886705, 0.005199826672444252, 0.0042665244491850276, 0.0037332088930368988, 0.0035998800039998666, 0.002299923335888804, 0.0021332622245925138]
path_index = 6
	ranking_index = [15, 23, 27, 29, 39, 30, 43, 84, 71, 45, 97, 88, 51, 75, 98, 46, 77, 83, 53, 100]
	ranking_prob = [0.4276524115862805, 0.22249258358054733, 0.10046331788940369, 0.05119829339022033, 0.04906503116562781, 0.026565781140628644, 0.019332688910369655, 0.01839938668711043, 0.013532882237258757, 0.0118329389020366, 0.009166361121295957, 0.00793306889770341, 0.006666444451851605, 0.0056664777840738645, 0.004999833338888704, 0.004533182227259091, 0.003833205559814673, 0.0037998733375554147, 0.0024332522249258357, 0.0019999333355554816]
path_index = 7
	ranking_index = [15, 23, 27, 29, 39, 30, 43, 84, 71, 45, 97, 88, 51, 75, 98, 77, 83, 46, 100, 53]
	ranking_prob = [0.4325522482583914, 0.21882603913202894, 0.1013299556681444, 0.05053164894503517, 0.04673177560747975, 0.02679910669644345, 0.0199326689110363, 0.01756608113062898, 0.012632912236258792, 0.011799606679777341, 0.009899670010999633, 0.008399720009333022, 0.007133095563481217, 0.006066464451184961, 0.004999833338888704, 0.003899870004333189, 0.003833205559814673, 0.0037332088930368988, 0.0020999300023332554, 0.0020332655578147395]