PAC(128-71)
L = 8
T = 0  Error Count = 30000
Rate-profile = rm-polar
design SNR = 3
Convolution poly = , [1 0 1 1 0 1 1]
CRC index = [15, 31, 47, 63, 79, 95, 111, 127] , CRC = 0 bits
Frozen-check = , [84, 88, 97, 98, 100, 104, 112] , Frozen-check = 7 bits
Mismatch = [84, 88, 97, 98, 100, 104, 112] , Mismatch-length = 0 , Mismatch-first = False
Enabling-Criterion =, Perfect
Running : AccuracyforFlipEveryPath , 
Decoding starting Time : 2025-09-09 15-16-02
Running Time : 331 min


SNR = [1.0, 1.5, 2.0]
FER = [0.32031817211189406, 0.1653931816177119, 0.06739965088144571]
average_decoding_attempt = [1.0, 1.0, 1.0]
everyCriticalBit (snr=1.0)
	path-0 , [0.41186667 0.62546667 0.7262     0.77896667 0.8038     0.84913333
 0.87073333 0.8833     0.88886667 0.8988     0.9026     0.90456667
 0.90633333 0.90693333 0.9074     0.92463333 0.9326     0.93786667
 0.93983333 0.9441    ]
	path-1 , [0.413      0.6268     0.72936667 0.7815     0.80576667 0.85286667
 0.8748     0.88786667 0.89316667 0.9015     0.90576667 0.90773333
 0.9092     0.9098     0.9103     0.92773333 0.93613333 0.9411
 0.94293333 0.94753333]
	path-2 , [0.41436667 0.6277     0.7272     0.7798     0.8045     0.85133333
 0.87323333 0.8857     0.89136667 0.90013333 0.9041     0.90613333
 0.90813333 0.9087     0.90916667 0.9272     0.93656667 0.94213333
 0.94376667 0.9488    ]
	path-3 , [0.41673333 0.62716667 0.7293     0.78226667 0.8069     0.8545
 0.87623333 0.8887     0.89413333 0.90293333 0.9072     0.90906667
 0.91096667 0.91166667 0.91203333 0.92963333 0.9383     0.94346667
 0.9451     0.94983333]
	path-4 , [0.41106667 0.6252     0.72766667 0.78146667 0.80566667 0.85153333
 0.87416667 0.88636667 0.89163333 0.90153333 0.90546667 0.90746667
 0.90943333 0.9101     0.9107     0.92873333 0.9377     0.94313333
 0.94513333 0.94983333]
	path-5 , [0.41443333 0.62923333 0.73056667 0.7833     0.80823333 0.85546667
 0.87746667 0.89066667 0.89543333 0.9041     0.90843333 0.91036667
 0.9125     0.9133     0.9136     0.93113333 0.94053333 0.9452
 0.94703333 0.95203333]
	path-6 , [0.41796667 0.63106667 0.73196667 0.78546667 0.80936667 0.85523333
 0.87723333 0.8894     0.89493333 0.90416667 0.9084     0.91043333
 0.91206667 0.9127     0.9132     0.93133333 0.94016667 0.9451
 0.9471     0.9519    ]
	path-7 , [0.41106667 0.62736667 0.72846667 0.78153333 0.80686667 0.85326667
 0.87596667 0.8888     0.89446667 0.9033     0.90736667 0.90926667
 0.9111     0.91183333 0.91226667 0.9303     0.93953333 0.9446
 0.9462     0.9514    ]
path_index = 0
	ranking_index = [15, 23, 27, 29, 39, 30, 43, 84, 71, 97, 45, 51, 88, 75, 98, 46, 77, 83, 53, 100]
	ranking_prob = [0.41185293823539215, 0.21359288023732542, 0.10072997566747775, 0.05276490783640545, 0.045331822272590916, 0.02483250558314723, 0.0215992800239992, 0.019166027799073365, 0.0172327589080364, 0.014032865571147628, 0.012566247791740275, 0.009933002233258891, 0.009033032232258926, 0.007966401119962668, 0.006733108896370121, 0.00556648111729609, 0.0052664911169627675, 0.0042665244491850276, 0.0037998733375554147, 0.003099896670110996]
path_index = 1
	ranking_index = [15, 23, 27, 29, 39, 30, 43, 84, 71, 45, 97, 88, 75, 51, 98, 46, 77, 83, 53, 100]
	ranking_prob = [0.41298623379220695, 0.21379287357088098, 0.10256324789173694, 0.05213159561347955, 0.04709843005233159, 0.024265857804739843, 0.02193260224659178, 0.017832738908703044, 0.017432752241591947, 0.013066231125629145, 0.011432952234925502, 0.00943301889937002, 0.008399720009333022, 0.008333055564814507, 0.0056664777840738645, 0.005299823339222026, 0.004966501116629446, 0.004599846671777608, 0.0042665244491850276, 0.0029999000033332224]
path_index = 2
	ranking_index = [15, 23, 27, 29, 39, 30, 43, 71, 84, 45, 97, 75, 88, 51, 98, 46, 77, 83, 53, 100]
	ranking_prob = [0.41435285490483653, 0.21332622245925137, 0.09949668344388521, 0.05259824672510916, 0.04683177227425753, 0.024699176694110196, 0.02189927002433252, 0.01803273224225859, 0.017999400019999334, 0.012466251124962502, 0.009533015566147796, 0.009366354454851506, 0.009066364454518182, 0.00876637445418486, 0.006199793340221992, 0.0056664777840738645, 0.00556648111729609, 0.0050331655611479615, 0.003966534448851705, 0.0035998800039998666]
path_index = 3
	ranking_index = [15, 23, 27, 29, 39, 30, 43, 84, 71, 45, 97, 88, 51, 75, 46, 77, 98, 83, 53, 100]
	ranking_prob = [0.4167194426852438, 0.2104263191226959, 0.10212992900236659, 0.052964901169961, 0.04759841338622046, 0.02463251224959168, 0.02173260891303623, 0.01803273224225859, 0.017599413352888237, 0.012466251124962502, 0.01013299556681444, 0.009833005566481118, 0.008799706676444119, 0.008666377787407087, 0.005433152228259058, 0.005166494450184994, 0.0047998400053331555, 0.00473317556081464, 0.0042665244491850276, 0.002466584447185094]
path_index = 4
	ranking_index = [15, 23, 27, 29, 39, 30, 43, 84, 71, 45, 97, 51, 88, 75, 77, 46, 98, 83, 53, 100]
	ranking_prob = [0.41105296490116994, 0.21412619579347356, 0.10246325122495917, 0.05379820672644245, 0.04586513782873904, 0.024199193360221326, 0.022632578914036198, 0.018466051131628945, 0.01803273224225859, 0.012199593346888436, 0.010399653344888503, 0.009899670010999633, 0.009499683343888538, 0.008966367787740409, 0.005433152228259058, 0.0052664911169627675, 0.0050331655611479615, 0.004699843338555381, 0.003933202226592447, 0.0021332622245925138]
path_index = 5
	ranking_index = [15, 23, 27, 29, 39, 30, 43, 84, 71, 45, 97, 75, 51, 88, 98, 83, 46, 77, 53, 57]
	ranking_prob = [0.414419519349355, 0.21479284023865872, 0.1013299556681444, 0.052731575614146195, 0.04723175894136862, 0.024932502249925003, 0.021999266691110297, 0.01803273224225859, 0.01753274890836972, 0.013199560014666177, 0.010199660011332956, 0.009399686677110762, 0.008666377787407087, 0.007899736675444151, 0.005133162227925736, 0.004999833338888704, 0.004766507783073898, 0.004666511116296124, 0.004333188893703543, 0.0021332622245925138]
path_index = 6
	ranking_index = [15, 23, 27, 29, 39, 30, 43, 84, 71, 45, 97, 51, 75, 88, 46, 77, 98, 83, 53, 100]
	ranking_prob = [0.4179527349088364, 0.21309289690343655, 0.10089663677877404, 0.05349821672610913, 0.04586513782873904, 0.023899203359888002, 0.021999266691110297, 0.018599380020665978, 0.018132728909036364, 0.01216626112462918, 0.010166327789073698, 0.009233025565814472, 0.008833038898703377, 0.0080997300089997, 0.005533148895036832, 0.004933168894370188, 0.004866504449851671, 0.0047998400053331555, 0.004233192226925769, 0.0020665977800739975]
path_index = 7
	ranking_index = [15, 23, 27, 29, 39, 30, 43, 71, 84, 45, 97, 75, 88, 51, 46, 83, 77, 98, 53, 100]
	ranking_prob = [0.41105296490116994, 0.21629279024032533, 0.10109663011232958, 0.053064897836738775, 0.04639845338488717, 0.0253324889170361, 0.022699243358554715, 0.01803273224225859, 0.017932735575480818, 0.01283290556981434, 0.009399686677110762, 0.009233025565814472, 0.008999700009999667, 0.008833038898703377, 0.0056664777840738645, 0.005199826672444252, 0.00506649778340722, 0.004533182227259091, 0.004066531115629479, 0.0021665944468517717]
everyCriticalBit (snr=1.5)
	path-0 , [0.41803333 0.62936667 0.73396667 0.7843     0.811      0.8597
 0.88046667 0.8932     0.89776667 0.90533333 0.90833333 0.90993333
 0.91123333 0.91186667 0.91236667 0.92663333 0.934      0.9386
 0.93996667 0.94453333]
	path-1 , [0.42366667 0.63343333 0.7376     0.78743333 0.81416667 0.86253333
 0.88226667 0.89333333 0.89826667 0.90556667 0.909      0.91043333
 0.91173333 0.91243333 0.9129     0.92886667 0.93713333 0.9419
 0.94313333 0.94746667]
	path-2 , [0.41886667 0.63133333 0.73563333 0.78536667 0.8128     0.86113333
 0.88213333 0.89363333 0.89833333 0.90576667 0.90876667 0.91053333
 0.91203333 0.9128     0.91326667 0.9296     0.9378     0.9423
 0.94383333 0.9485    ]
	path-3 , [0.42203333 0.63306667 0.73916667 0.78923333 0.81546667 0.86326667
 0.88333333 0.8949     0.90033333 0.90783333 0.9105     0.91236667
 0.91353333 0.91423333 0.91476667 0.9316     0.93926667 0.94396667
 0.94523333 0.94903333]
	path-4 , [0.41953333 0.62873333 0.73383333 0.78533333 0.811      0.85973333
 0.88146667 0.89323333 0.8983     0.90626667 0.90963333 0.91113333
 0.9127     0.91343333 0.91386667 0.92993333 0.93816667 0.94296667
 0.9444     0.94893333]
	path-5 , [0.42386667 0.63346667 0.7367     0.78803333 0.81486667 0.86323333
 0.88373333 0.89543333 0.90043333 0.90766667 0.91063333 0.91223333
 0.91366667 0.91433333 0.915      0.93043333 0.93946667 0.94433333
 0.946      0.9504    ]
	path-6 , [0.42436667 0.63553333 0.73963333 0.79006667 0.81513333 0.8633
 0.88383333 0.89596667 0.9015     0.90843333 0.91183333 0.91336667
 0.91513333 0.9159     0.91646667 0.9323     0.94093333 0.94593333
 0.94763333 0.9522    ]
	path-7 , [0.42113333 0.6332     0.7395     0.78746667 0.8138     0.86246667
 0.88286667 0.89516667 0.90103333 0.90826667 0.91126667 0.91286667
 0.91393333 0.91473333 0.91516667 0.933      0.94113333 0.94546667
 0.94703333 0.95123333]
path_index = 0
	ranking_index = [15, 23, 27, 29, 39, 30, 43, 84, 97, 71, 45, 88, 51, 75, 98, 77, 46, 83, 100, 53]
	ranking_prob = [0.4180193993533549, 0.2113262891236959, 0.10459651344955168, 0.05033165561147962, 0.048698376720775975, 0.026699110029665678, 0.02076597446751775, 0.016932768907703077, 0.014566181127295756, 0.014266191126962435, 0.012732908903036565, 0.00926635778807373, 0.007566414452851572, 0.007366421119296023, 0.006799773340888637, 0.004599846671777608, 0.0045665144495183494, 0.0045665144495183494, 0.003999866671110963, 0.0029999000033332224]
path_index = 1
	ranking_index = [15, 23, 27, 29, 39, 30, 43, 84, 71, 97, 45, 88, 75, 51, 98, 46, 77, 83, 53, 100]
	ranking_prob = [0.4236525449151695, 0.20975967467751075, 0.10416319456018133, 0.04983167227759075, 0.048365054498183395, 0.026732442251924934, 0.019732675577480752, 0.017666077797406754, 0.015966134462184593, 0.012766241125295823, 0.011066297790073664, 0.008833038898703377, 0.00826639112029599, 0.0072997566747775074, 0.005499816672777574, 0.004933168894370188, 0.004766507783073898, 0.004333188893703543, 0.0034332188927035765, 0.002766574447518416]
path_index = 2
	ranking_index = [15, 23, 27, 29, 39, 30, 43, 84, 71, 97, 45, 88, 75, 51, 98, 46, 83, 77, 100, 53]
	ranking_prob = [0.41885270490983634, 0.21245958468051065, 0.10429652344921836, 0.04973167561081297, 0.04833172227592414, 0.027432418919369355, 0.020999300023332557, 0.017966067797740074, 0.016332788907036433, 0.011766274457518083, 0.011499616679444019, 0.008399720009333022, 0.008199726675777475, 0.007433085563814539, 0.005333155561481284, 0.004699843338555381, 0.004666511116296124, 0.0044998500049998336, 0.0030332322255924803, 0.0029999000033332224]
path_index = 3
	ranking_index = [15, 23, 27, 29, 39, 30, 43, 84, 71, 45, 97, 88, 75, 51, 98, 46, 77, 83, 53, 100]
	ranking_prob = [0.4220192660244659, 0.21102629912336254, 0.10609646345121829, 0.05006499783340555, 0.047798406719776004, 0.026232458918036064, 0.020065997800073333, 0.01836605446485117, 0.016832772240925303, 0.011566281123962534, 0.011199626679110695, 0.009533015566147796, 0.007666411119629346, 0.007499750008333056, 0.00556648111729609, 0.005433152228259058, 0.004699843338555381, 0.0037998733375554147, 0.002666577780740642, 0.0021332622245925138]
path_index = 4
	ranking_index = [15, 23, 27, 29, 39, 30, 43, 84, 71, 45, 97, 88, 75, 51, 98, 46, 77, 83, 53, 100]
	ranking_prob = [0.4195193493550215, 0.20919302689910335, 0.10509649678344055, 0.05149828339055365, 0.04873170894303523, 0.02566581113962868, 0.02173260891303623, 0.018499383353888205, 0.01606613112896237, 0.011766274457518083, 0.011032965567814405, 0.009299690010332989, 0.008233058898036731, 0.007966401119962668, 0.005466484450518316, 0.00506649778340722, 0.0047998400053331555, 0.004533182227259091, 0.0033665544481850606, 0.0020999300023332554]
path_index = 5
	ranking_index = [15, 23, 27, 29, 39, 30, 43, 84, 71, 45, 97, 75, 88, 51, 46, 77, 98, 83, 53, 100]
	ranking_prob = [0.42385253824872504, 0.20959301356621446, 0.1032298923369221, 0.05133162227925736, 0.048365054498183395, 0.02683243891870271, 0.020499316689443686, 0.018266057798073398, 0.015432818906036466, 0.011699610012999566, 0.00996633445551815, 0.009033032232258926, 0.00876637445418486, 0.0072330922302589916, 0.004999833338888704, 0.004866504449851671, 0.004833172227592414, 0.004399853338222059, 0.002966567781073964, 0.002966567781073964]
path_index = 6
	ranking_index = [15, 23, 27, 29, 39, 30, 43, 84, 71, 45, 97, 75, 88, 51, 46, 98, 77, 83, 53, 100]
	ranking_prob = [0.42435252158261394, 0.2111596280123996, 0.1040965301156628, 0.05043165227825739, 0.04816506116462785, 0.025065831138962033, 0.020532648911702943, 0.017599413352888237, 0.015832805573147563, 0.012132928902369921, 0.008999700009999667, 0.008633045565147828, 0.008233058898036731, 0.006933102229925669, 0.005533148895036832, 0.005533148895036832, 0.004999833338888704, 0.0045665144495183494, 0.0033998866704443185, 0.002599913336222126]
path_index = 7
	ranking_index = [15, 23, 27, 39, 29, 30, 43, 71, 84, 45, 97, 88, 75, 51, 46, 98, 77, 83, 53, 100]
	ranking_prob = [0.42111929602346587, 0.21205959801339955, 0.10629645678477384, 0.04866504449851672, 0.047965067831072294, 0.02633245558481384, 0.020399320022665913, 0.017832738908703044, 0.01703276557448085, 0.012299590013666211, 0.010166327789073698, 0.008833038898703377, 0.008133062231258958, 0.0072330922302589916, 0.005866471117629412, 0.005199826672444252, 0.004333188893703543, 0.004199860004666511, 0.0029999000033332224, 0.002566581113962868]
everyCriticalBit (snr=2.0)
	path-0 , [0.42393333 0.64306667 0.74643333 0.79713333 0.8238     0.8712
 0.89056667 0.90113333 0.9049     0.9114     0.9141     0.9158
 0.9172     0.9176     0.9179     0.9308     0.93646667 0.9405
 0.94156667 0.9454    ]
	path-1 , [0.42416667 0.64373333 0.7482     0.80063333 0.8268     0.87266667
 0.8917     0.90213333 0.9064     0.9131     0.9159     0.9171
 0.9183     0.9189     0.9193     0.93176667 0.93733333 0.94123333
 0.94186667 0.94573333]
	path-2 , [0.42513333 0.64533333 0.74856667 0.80183333 0.82833333 0.87403333
 0.89233333 0.90343333 0.90723333 0.91346667 0.91603333 0.91736667
 0.91843333 0.919      0.91933333 0.93283333 0.93913333 0.94306667
 0.9443     0.94763333]
	path-3 , [0.4266     0.64606667 0.7488     0.79946667 0.82536667 0.8723
 0.89156667 0.90346667 0.90756667 0.91393333 0.9167     0.91826667
 0.9195     0.9202     0.92066667 0.93273333 0.93976667 0.9436
 0.94473333 0.94853333]
	path-4 , [0.426      0.6471     0.7493     0.7998     0.8257     0.8739
 0.89316667 0.9039     0.90766667 0.9141     0.91683333 0.9181
 0.91933333 0.91993333 0.92046667 0.93323333 0.93946667 0.94426667
 0.9453     0.94916667]
	path-5 , [0.42653333 0.64496667 0.74886667 0.8008     0.82683333 0.87443333
 0.89293333 0.90383333 0.90786667 0.91393333 0.91676667 0.91836667
 0.91966667 0.92026667 0.9206     0.9332     0.93996667 0.94456667
 0.94576667 0.94953333]
	path-6 , [0.4256     0.64476667 0.74896667 0.8008     0.82643333 0.8731
 0.89216667 0.90353333 0.9077     0.91426667 0.9171     0.9185
 0.91963333 0.92026667 0.92063333 0.9334     0.94066667 0.94473333
 0.946      0.94966667]
	path-7 , [0.42616667 0.64476667 0.74786667 0.79966667 0.8263     0.87313333
 0.89236667 0.9041     0.90833333 0.91483333 0.9176     0.919
 0.92033333 0.92086667 0.92136667 0.9342     0.94086667 0.94466667
 0.94593333 0.94996667]
path_index = 0
	ranking_index = [15, 23, 27, 29, 39, 30, 43, 84, 97, 71, 45, 88, 98, 51, 75, 77, 83, 46, 100, 53]
	ranking_prob = [0.42391920269324357, 0.21912602913236226, 0.10336322122595913, 0.05069831005633146, 0.04739842005266491, 0.02666577780740642, 0.019366021132628912, 0.017666077797406754, 0.013966201126629113, 0.012899570014332855, 0.010566314456184793, 0.008799706676444119, 0.006966434452184927, 0.006499783340555315, 0.0056664777840738645, 0.004033198893370221, 0.003833205559814673, 0.0037665411152961567, 0.0032665577814072863, 0.0026999100029999]
path_index = 1
	ranking_index = [15, 23, 27, 29, 39, 30, 43, 84, 97, 71, 45, 88, 51, 98, 75, 46, 77, 83, 100, 53]
	ranking_prob = [0.42415252824905836, 0.2195593480217326, 0.10446318456051465, 0.05243158561381287, 0.04586513782873904, 0.02616579447351755, 0.01903269891003633, 0.016966101129962333, 0.013399553348221726, 0.012466251124962502, 0.010432985567147762, 0.009333022232592247, 0.006699776674110863, 0.006433118896036798, 0.00556648111729609, 0.0042665244491850276, 0.003899870004333189, 0.003866537782073931, 0.0033998866704443185, 0.002799906669777674]
path_index = 2
	ranking_index = [15, 23, 27, 29, 39, 30, 43, 84, 71, 97, 45, 88, 75, 51, 98, 77, 46, 83, 100, 53]
	ranking_prob = [0.42511916269457684, 0.2201926602446585, 0.1032298923369221, 0.05326489117029432, 0.04569847671744275, 0.02649911669611013, 0.018299390020332654, 0.016966101129962333, 0.0134995500149995, 0.012132928902369921, 0.011099630012332922, 0.008833038898703377, 0.006299790006999767, 0.006233125562481251, 0.006233125562481251, 0.003933202226592447, 0.0037998733375554147, 0.0033332222259258026, 0.003133228892370254, 0.002566581113962868]
path_index = 3
	ranking_index = [15, 23, 27, 29, 39, 30, 43, 84, 71, 45, 97, 88, 75, 51, 98, 46, 77, 83, 53, 100]
	ranking_prob = [0.4265857804739842, 0.21945935135495484, 0.10272990900303323, 0.0506649778340722, 0.0469317689410353, 0.025899136695443484, 0.01926602446585114, 0.01856604779840672, 0.012066264457851405, 0.011899603346555114, 0.011099630012332922, 0.008499716676110797, 0.007033098896703443, 0.0063664544515182825, 0.0056664777840738645, 0.004099863337888737, 0.003833205559814673, 0.0037998733375554147, 0.002766574447518416, 0.002666577780740642]
path_index = 4
	ranking_index = [15, 23, 27, 29, 39, 30, 43, 84, 71, 97, 45, 88, 51, 75, 98, 77, 83, 46, 100, 53]
	ranking_prob = [0.4259858004733176, 0.22109263024565848, 0.1021965934468851, 0.05049831672277591, 0.048198393386887105, 0.025899136695443484, 0.01926602446585114, 0.018432718909369688, 0.012766241125295823, 0.010899636678777374, 0.010732975567481083, 0.008866371120962635, 0.006433118896036798, 0.006233125562481251, 0.00523315889470351, 0.0047998400053331555, 0.003866537782073931, 0.0037665411152961567, 0.002933235558814706, 0.002733242225259158]
path_index = 5
	ranking_index = [15, 23, 27, 29, 39, 30, 84, 43, 71, 45, 97, 88, 75, 51, 98, 77, 46, 83, 53, 100]
	ranking_prob = [0.4265191160294657, 0.21842605246491784, 0.10389653678210727, 0.051931602279924, 0.04759841338622046, 0.026032465584480517, 0.01886603779874004, 0.018499383353888205, 0.012599580013999533, 0.010899636678777374, 0.010232992233592213, 0.008533048898370055, 0.006766441118629379, 0.006066464451184961, 0.005699810006333122, 0.004599846671777608, 0.004033198893370221, 0.0037665411152961567, 0.0028332388920369322, 0.002666577780740642]
path_index = 6
	ranking_index = [15, 23, 27, 29, 39, 30, 43, 84, 71, 45, 97, 88, 75, 51, 98, 46, 77, 83, 100, 53]
	ranking_prob = [0.42558581380620647, 0.21915936135462152, 0.10419652678244058, 0.05183160561314623, 0.04666511116296124, 0.02563247891736942, 0.019066031132295592, 0.018466051131628945, 0.012766241125295823, 0.011366287790406986, 0.01046631778940702, 0.008033065564481185, 0.007266424452518249, 0.006566447785073831, 0.005766474450851638, 0.004166527782407253, 0.004066531115629479, 0.003666544448518383, 0.00286657111429619, 0.0028332388920369322]
path_index = 7
	ranking_index = [15, 23, 27, 29, 39, 30, 43, 84, 71, 45, 97, 88, 75, 51, 98, 46, 83, 77, 53, 100]
	ranking_prob = [0.42615246158461384, 0.21859271357621413, 0.10309656344788506, 0.05179827339088697, 0.04683177227425753, 0.02663244558514716, 0.019232692243591882, 0.019066031132295592, 0.01283290556981434, 0.011732942235258824, 0.010066331122295923, 0.009199693343555216, 0.006666444451851605, 0.006499783340555315, 0.004666511116296124, 0.004233192226925769, 0.004033198893370221, 0.0037998733375554147, 0.002766574447518416, 0.002333255558148062]