PAC(128-71)
L = 8
T = 0  Error Count = 10000
Rate-profile = rm-polar
design SNR = 3
Convolution poly = , [1 0 1 1 0 1 1]
CRC index = [15, 31, 47, 63, 79, 95, 111, 127] , CRC = 0 bits
Frozen-check = , [84, 88, 97, 98, 100, 104, 112] , Frozen-check = 7 bits
Mismatch = [84, 88, 97, 98, 100, 104, 112] , Mismatch-length = 0 , Mismatch-first = False
Enabling-Criterion =, FrozenCheck
Running : AccuracyforFlipEveryPath , 
Decoding starting Time : 2025-09-09 15-19-40
Running Time : 782 min


SNR = [2.5, 3.0]
FER = [0.021760510363494738, 0.0049773107094048825]
average_decoding_attempt = [1.0, 1.0]
alpha0.1 (snr=2.5)
	path-0 , [0.4123 0.6218 0.7245 0.7768 0.8109 0.8366 0.8542 0.8642 0.8678 0.8716
 0.8752 0.878  0.8807 0.8831 0.8861 0.8897 0.8909 0.8939 0.896  0.899 ]
	path-1 , [0.4092 0.621  0.7262 0.7789 0.8131 0.8383 0.8547 0.8647 0.8683 0.8711
 0.8753 0.879  0.8815 0.8853 0.8879 0.8912 0.8928 0.8958 0.8993 0.9017]
	path-2 , [0.4093 0.6192 0.7243 0.7791 0.8112 0.8363 0.852  0.8633 0.867  0.871
 0.8749 0.8776 0.8808 0.8841 0.8876 0.8906 0.8929 0.8959 0.8982 0.9015]
	path-3 , [0.4074 0.6179 0.7231 0.7763 0.8116 0.8367 0.8537 0.8637 0.8679 0.8713
 0.875  0.8786 0.8809 0.8834 0.8874 0.891  0.8925 0.8957 0.8986 0.9013]
	path-4 , [0.4122 0.6249 0.7292 0.7789 0.8121 0.8392 0.8552 0.865  0.8691 0.8728
 0.8766 0.8799 0.8828 0.8854 0.8887 0.8924 0.894  0.8974 0.9002 0.9038]
	path-5 , [0.4127 0.6207 0.7279 0.7809 0.8143 0.8388 0.8553 0.8646 0.8682 0.8721
 0.8763 0.8803 0.8831 0.8858 0.8895 0.8931 0.895  0.8984 0.9021 0.9046]
	path-6 , [0.4121 0.6244 0.7281 0.7793 0.8135 0.839  0.8541 0.8644 0.8694 0.8728
 0.8772 0.8814 0.8842 0.8872 0.8907 0.8938 0.896  0.8987 0.9014 0.9045]
	path-7 , [0.4125 0.6269 0.7276 0.7809 0.8159 0.8394 0.8545 0.8647 0.8685 0.8728
 0.8771 0.8818 0.8852 0.8884 0.8916 0.895  0.897  0.8997 0.9024 0.9048]
alpha0.2 (snr=2.5)
	path-0 , [0.3718 0.5911 0.716  0.7858 0.8261 0.8518 0.8702 0.8827 0.8909 0.8965
 0.9028 0.907  0.9101 0.9141 0.9171 0.9203 0.9222 0.924  0.9252 0.9268]
	path-1 , [0.3719 0.592  0.7164 0.7883 0.8305 0.8574 0.8745 0.8839 0.8922 0.8979
 0.9042 0.909  0.9124 0.9161 0.919  0.9216 0.9233 0.924  0.9255 0.9265]
	path-2 , [0.3695 0.5857 0.7134 0.7872 0.8281 0.8539 0.871  0.8844 0.8926 0.8986
 0.9053 0.9107 0.9149 0.9181 0.9207 0.9231 0.9245 0.9255 0.9266 0.9277]
	path-3 , [0.3647 0.5882 0.7135 0.7866 0.8287 0.8545 0.8717 0.8832 0.8914 0.8983
 0.9035 0.9075 0.9116 0.9155 0.918  0.9208 0.9225 0.9242 0.9253 0.9259]
	path-4 , [0.3716 0.5922 0.7177 0.7886 0.8308 0.8559 0.8735 0.8855 0.8942 0.9007
 0.9058 0.9108 0.914  0.9177 0.9198 0.9223 0.9249 0.9265 0.9276 0.9282]
	path-5 , [0.3713 0.5925 0.7151 0.7873 0.8294 0.8578 0.8732 0.8858 0.895  0.9005
 0.9065 0.911  0.9143 0.9176 0.92   0.9219 0.9241 0.9258 0.9267 0.9278]
	path-6 , [0.3735 0.5929 0.7165 0.7897 0.8301 0.8566 0.8747 0.8856 0.8948 0.9007
 0.9061 0.9118 0.9155 0.9182 0.9207 0.9225 0.9239 0.9252 0.926  0.9271]
	path-7 , [0.3711 0.5953 0.7189 0.7914 0.8304 0.8564 0.8754 0.8864 0.8956 0.9006
 0.906  0.9107 0.9139 0.9167 0.919  0.9211 0.9228 0.9241 0.9259 0.9269]
alpha0.30000000000000004 (snr=2.5)
	path-0 , [0.3303 0.5433 0.6767 0.76   0.8128 0.8463 0.8702 0.8861 0.8982 0.9072
 0.9144 0.9182 0.9218 0.9244 0.9266 0.9286 0.9296 0.9302 0.9306 0.9308]
	path-1 , [0.3303 0.5434 0.6761 0.7598 0.8157 0.8494 0.871  0.8863 0.8991 0.9081
 0.9151 0.9197 0.9227 0.9252 0.9269 0.9283 0.9296 0.93   0.9305 0.9308]
	path-2 , [0.3266 0.5388 0.6721 0.7598 0.814  0.8492 0.8736 0.8876 0.8999 0.9089
 0.9155 0.9192 0.9221 0.9253 0.9276 0.9293 0.93   0.9303 0.9309 0.9312]
	path-3 , [0.3246 0.5414 0.673  0.7573 0.8117 0.8477 0.8711 0.8856 0.8988 0.9069
 0.9146 0.9188 0.9219 0.9245 0.926  0.928  0.9289 0.9298 0.9304 0.9305]
	path-4 , [0.3324 0.5458 0.6755 0.7615 0.8154 0.8507 0.8733 0.8892 0.9022 0.9106
 0.9165 0.9206 0.9239 0.926  0.9283 0.9297 0.9306 0.9309 0.9312 0.9314]
	path-5 , [0.3325 0.5421 0.6744 0.758  0.8134 0.8482 0.8717 0.8887 0.9002 0.909
 0.915  0.9203 0.9237 0.9261 0.928  0.9295 0.9306 0.9309 0.9311 0.9313]
	path-6 , [0.3326 0.5449 0.6757 0.7618 0.8169 0.8508 0.8728 0.8886 0.8999 0.9087
 0.9144 0.9196 0.9228 0.9257 0.9277 0.9289 0.9296 0.9305 0.9307 0.9312]
	path-7 , [0.3313 0.545  0.6768 0.7597 0.8139 0.8484 0.8714 0.886  0.8985 0.9072
 0.9152 0.9193 0.9219 0.9251 0.9278 0.929  0.93   0.9306 0.9307 0.9307]
alpha0.4 (snr=2.5)
	path-0 , [0.2959 0.4906 0.6141 0.7063 0.7689 0.814  0.8451 0.8689 0.8842 0.8983
 0.9093 0.9158 0.9213 0.9249 0.9261 0.9277 0.9293 0.9303 0.9306 0.931 ]
	path-1 , [0.2963 0.4875 0.6136 0.704  0.7686 0.8138 0.8442 0.8665 0.8836 0.8964
 0.9064 0.9142 0.9205 0.9248 0.9268 0.9282 0.9289 0.9303 0.9309 0.9313]
	path-2 , [0.294  0.4846 0.6121 0.7022 0.7645 0.8088 0.8413 0.8651 0.882  0.8953
 0.9049 0.9144 0.9196 0.9241 0.9263 0.928  0.9291 0.9298 0.9308 0.931 ]
	path-3 , [0.2922 0.4872 0.6118 0.7006 0.76   0.8064 0.8402 0.863  0.8812 0.8928
 0.9046 0.9128 0.9179 0.922  0.9256 0.9266 0.9279 0.9292 0.9306 0.931 ]
	path-4 , [0.2963 0.487  0.613  0.7017 0.7651 0.8095 0.8395 0.8646 0.8823 0.8965
 0.9049 0.9136 0.92   0.9245 0.9267 0.928  0.9291 0.9304 0.9308 0.9311]
	path-5 , [0.2994 0.4882 0.6126 0.7019 0.7645 0.8078 0.8386 0.8645 0.881  0.8934
 0.9028 0.9113 0.9187 0.9235 0.9267 0.928  0.929  0.9304 0.9309 0.9312]
	path-6 , [0.2967 0.4851 0.6114 0.7029 0.7649 0.8089 0.8382 0.8615 0.8795 0.8926
 0.904  0.9121 0.9184 0.9228 0.9258 0.9276 0.9285 0.9295 0.9306 0.9314]
	path-7 , [0.2972 0.4892 0.6106 0.7018 0.762  0.8059 0.8378 0.863  0.8801 0.8943
 0.9027 0.9104 0.9181 0.9225 0.925  0.9269 0.9282 0.9293 0.9304 0.9309]
alpha0.5 (snr=2.5)
	path-0 , [0.263  0.4385 0.5622 0.6517 0.7188 0.7714 0.81   0.8414 0.8657 0.8798
 0.8931 0.9047 0.9139 0.9194 0.9228 0.9257 0.9275 0.9284 0.9296 0.9301]
	path-1 , [0.2627 0.4311 0.5547 0.6446 0.7117 0.7633 0.8046 0.8368 0.8585 0.8768
 0.8894 0.9    0.9098 0.9179 0.9223 0.9249 0.9267 0.9283 0.9297 0.9309]
	path-2 , [0.2608 0.4299 0.5528 0.6401 0.7028 0.7541 0.7964 0.8292 0.854  0.8738
 0.887  0.8991 0.909  0.9155 0.9198 0.9233 0.9265 0.9284 0.9296 0.9301]
	path-3 , [0.2606 0.4317 0.5484 0.6367 0.7011 0.7514 0.7922 0.825  0.8504 0.87
 0.8841 0.896  0.9055 0.9132 0.9184 0.9223 0.9256 0.9273 0.929  0.93  ]
	path-4 , [0.2635 0.4342 0.553  0.6398 0.7042 0.7552 0.7927 0.8261 0.8509 0.8711
 0.8865 0.8984 0.9075 0.9139 0.9202 0.9236 0.9261 0.9277 0.9292 0.9302]
	path-5 , [0.2635 0.4353 0.5541 0.6407 0.703  0.7535 0.7953 0.8252 0.8491 0.869
 0.8833 0.8951 0.9057 0.9121 0.9184 0.9229 0.9264 0.9284 0.9293 0.9301]
	path-6 , [0.2652 0.4315 0.5515 0.6389 0.7017 0.7527 0.7911 0.8218 0.8482 0.8667
 0.8829 0.8941 0.9049 0.9123 0.9182 0.9231 0.9258 0.9273 0.9287 0.93  ]
	path-7 , [0.2626 0.4318 0.5514 0.6376 0.6984 0.7504 0.7894 0.8207 0.8475 0.8687
 0.8818 0.8935 0.9021 0.9109 0.9177 0.9215 0.925  0.9273 0.9286 0.9294]
alpha0.6 (snr=2.5)
	path-0 , [0.2386 0.3995 0.5126 0.5979 0.6714 0.7331 0.7774 0.8146 0.8419 0.8638
 0.8811 0.8946 0.905  0.9122 0.9176 0.9217 0.9252 0.927  0.9288 0.9298]
	path-1 , [0.2343 0.3891 0.5023 0.5907 0.6613 0.7201 0.7649 0.8037 0.8353 0.8579
 0.8741 0.8888 0.9002 0.9085 0.9154 0.9202 0.9237 0.9263 0.9283 0.9299]
	path-2 , [0.234  0.3846 0.4947 0.5842 0.6493 0.7086 0.7565 0.7934 0.8234 0.8499
 0.8711 0.8848 0.8979 0.907  0.9127 0.9183 0.922  0.9252 0.9278 0.9292]
	path-3 , [0.234  0.391  0.4945 0.5803 0.644  0.7026 0.7479 0.7885 0.8204 0.844
 0.8666 0.8827 0.893  0.9038 0.9113 0.917  0.9214 0.9245 0.927  0.9285]
	path-4 , [0.2381 0.3896 0.4964 0.58   0.6466 0.7039 0.75   0.7898 0.8187 0.8444
 0.8661 0.8816 0.8944 0.9035 0.911  0.9172 0.9221 0.9251 0.9272 0.9287]
	path-5 , [0.2383 0.3901 0.4979 0.5812 0.6469 0.7005 0.7469 0.7839 0.8158 0.8414
 0.8615 0.8789 0.8925 0.9026 0.91   0.9163 0.9219 0.9253 0.9274 0.9293]
	path-6 , [0.2359 0.3856 0.4941 0.5784 0.6462 0.7012 0.7454 0.7813 0.8114 0.8368
 0.8594 0.8774 0.8907 0.9018 0.9097 0.916  0.921  0.9243 0.9265 0.9285]
	path-7 , [0.2361 0.3871 0.4953 0.5797 0.6404 0.6983 0.7408 0.7808 0.812  0.8388
 0.8597 0.8764 0.8896 0.8996 0.9085 0.9144 0.9192 0.923  0.9258 0.9282]
alpha0.7000000000000001 (snr=2.5)
	path-0 , [0.2178 0.3668 0.4748 0.5631 0.6385 0.7031 0.7509 0.7906 0.8209 0.8481
 0.8698 0.8842 0.8966 0.9063 0.9124 0.9183 0.9222 0.9252 0.9275 0.9291]
	path-1 , [0.2132 0.3557 0.4599 0.5487 0.6217 0.6832 0.7338 0.7769 0.8141 0.8393
 0.8592 0.8782 0.8917 0.9017 0.9106 0.9152 0.9208 0.9244 0.9271 0.9285]
	path-2 , [0.2127 0.348  0.4536 0.5391 0.6083 0.6701 0.7219 0.7643 0.7989 0.8288
 0.8544 0.872  0.8874 0.899  0.9079 0.9141 0.9186 0.9224 0.9256 0.9279]
	path-3 , [0.2113 0.3545 0.4533 0.5331 0.6067 0.6641 0.7148 0.7583 0.7946 0.8214
 0.8469 0.8673 0.8826 0.8944 0.9051 0.9123 0.9176 0.9215 0.9252 0.9272]
	path-4 , [0.2155 0.3518 0.4537 0.5364 0.6037 0.6633 0.7148 0.7592 0.7917 0.8196
 0.8471 0.8657 0.8816 0.8954 0.9047 0.911  0.9163 0.9224 0.9253 0.9272]
	path-5 , [0.2146 0.3549 0.4568 0.5369 0.6019 0.6609 0.7085 0.7517 0.7882 0.8166
 0.8403 0.8611 0.8799 0.8937 0.9025 0.9098 0.9171 0.9222 0.9256 0.9278]
	path-6 , [0.2121 0.3492 0.4502 0.5306 0.5977 0.6551 0.707  0.7482 0.7841 0.8134
 0.8385 0.8603 0.8784 0.8923 0.9016 0.9098 0.9163 0.9213 0.9246 0.9275]
	path-7 , [0.2119 0.3497 0.4497 0.5295 0.5964 0.6557 0.7023 0.7449 0.78   0.8119
 0.8373 0.8593 0.8759 0.8887 0.8997 0.9076 0.9145 0.9192 0.9238 0.9266]
alpha0.8 (snr=2.5)
	path-0 , [0.2016 0.3394 0.4442 0.5373 0.6149 0.6815 0.7317 0.7746 0.8069 0.8351
 0.8592 0.8762 0.8906 0.9014 0.9079 0.9143 0.9201 0.9238 0.9261 0.9283]
	path-1 , [0.1974 0.3266 0.425  0.518  0.593  0.6597 0.7104 0.7556 0.7945 0.8267
 0.8496 0.8681 0.8837 0.8953 0.9053 0.9126 0.9184 0.9231 0.9255 0.9282]
	path-2 , [0.1959 0.3181 0.4176 0.5069 0.5788 0.643  0.6981 0.7414 0.782  0.8142
 0.8403 0.8605 0.8795 0.8928 0.9032 0.9101 0.915  0.9201 0.9234 0.9263]
	path-3 , [0.1949 0.3237 0.4189 0.5027 0.5713 0.6336 0.687  0.7378 0.7744 0.806
 0.8318 0.8551 0.873  0.8874 0.8989 0.9076 0.9136 0.9183 0.923  0.9256]
	path-4 , [0.198  0.3199 0.4161 0.4997 0.5723 0.636  0.6898 0.7356 0.7726 0.804
 0.8331 0.8541 0.8709 0.8874 0.8975 0.906  0.9123 0.9189 0.923  0.9261]
	path-5 , [0.1966 0.3216 0.419  0.5003 0.5707 0.6302 0.6817 0.7259 0.7654 0.7973
 0.8247 0.8478 0.8678 0.8836 0.8962 0.9046 0.9125 0.9185 0.9236 0.9263]
	path-6 , [0.1943 0.3195 0.4155 0.4946 0.5634 0.6242 0.6781 0.7231 0.761  0.7932
 0.8231 0.8479 0.8668 0.8824 0.8954 0.9045 0.9129 0.9186 0.9223 0.9257]
	path-7 , [0.1964 0.3196 0.4118 0.4918 0.5648 0.624  0.6761 0.7212 0.7541 0.7896
 0.8196 0.846  0.8644 0.8804 0.8938 0.9019 0.9104 0.9162 0.9211 0.9246]
alpha0.9 (snr=2.5)
	path-0 , [0.1894 0.3205 0.4214 0.5157 0.5964 0.6631 0.7164 0.7608 0.7952 0.8252
 0.8513 0.8703 0.8855 0.897  0.9059 0.9117 0.9173 0.9226 0.925  0.9276]
	path-1 , [0.1836 0.3049 0.4023 0.4919 0.5712 0.6395 0.6957 0.7394 0.7811 0.816
 0.8409 0.8613 0.8779 0.8905 0.9013 0.9104 0.9167 0.9212 0.9248 0.9275]
	path-2 , [0.1807 0.2972 0.3923 0.4775 0.553  0.6214 0.6799 0.7264 0.7683 0.8017
 0.8294 0.8506 0.8718 0.8877 0.8978 0.9067 0.9122 0.9185 0.9222 0.9258]
	path-3 , [0.1808 0.3019 0.3913 0.4741 0.5479 0.6098 0.6671 0.7176 0.7601 0.7931
 0.8223 0.8469 0.8641 0.8815 0.8933 0.9035 0.911  0.9157 0.9212 0.9247]
	path-4 , [0.1831 0.2968 0.3895 0.469  0.5453 0.6129 0.6663 0.7153 0.7567 0.7898
 0.819  0.8441 0.8631 0.8804 0.8926 0.9032 0.91   0.9161 0.9207 0.9249]
	path-5 , [0.1817 0.2988 0.3882 0.4693 0.5413 0.6045 0.6618 0.707  0.7471 0.7823
 0.8127 0.8361 0.8587 0.8761 0.8896 0.9005 0.9082 0.916  0.9224 0.9256]
	path-6 , [0.18   0.2954 0.387  0.4655 0.5359 0.5979 0.6571 0.7032 0.744  0.7799
 0.8123 0.8381 0.8594 0.8766 0.89   0.9001 0.9098 0.9164 0.9211 0.9242]
	path-7 , [0.1838 0.2929 0.3822 0.4642 0.5367 0.5979 0.6546 0.7008 0.7375 0.7736
 0.8067 0.8343 0.8558 0.8731 0.8883 0.8976 0.9068 0.914  0.9188 0.9236]
path_index = 0
	ranking_index = [15, 23, 27, 29, 39, 30, 43, 84, 97, 45, 88, 71, 98, 51, 75, 100, 46, 77, 53, 83]
	ranking_prob = [0.44885692819577117, 0.21712997746055598, 0.10851132338735645, 0.05087474508962112, 0.04314693570891918, 0.02629601803155522, 0.01824621659332403, 0.014811634646345391, 0.012557690243640656, 0.010840399270151336, 0.0076204786948588605, 0.0074058173231726955, 0.006010518407212622, 0.0053665342921541265, 0.0032199205752924762, 0.0032199205752924762, 0.002790597831920146, 0.002253944402704733, 0.0018246216593324031, 0.0017172909734893206]
path_index = 1
	ranking_index = [15, 23, 27, 29, 39, 30, 43, 84, 97, 45, 71, 88, 98, 51, 75, 46, 100, 77, 53, 104]
	ranking_prob = [0.4418804336159708, 0.2224965117527101, 0.111838574648492, 0.05216271331973811, 0.042073628850488355, 0.025008049801438233, 0.01856820865085328, 0.016421594933991628, 0.010518407212622089, 0.010303745840935923, 0.008693785553289686, 0.007513148009015778, 0.006010518407212622, 0.004722550177095631, 0.0035419126328217238, 0.003005259203606311, 0.003005259203606311, 0.0025759364602339807, 0.002253944402704733, 0.0017172909734893206]
path_index = 2
	ranking_index = [15, 23, 27, 29, 39, 30, 43, 84, 97, 45, 71, 88, 98, 51, 46, 75, 100, 53, 83, 77]
	ranking_prob = [0.4444563700762048, 0.22153053558012237, 0.10722335515723945, 0.055167972523344426, 0.04185896747880219, 0.023505420199635075, 0.01813888590748095, 0.01738757110657937, 0.011484383385209832, 0.011377052699366749, 0.007942470752388108, 0.00719115595148653, 0.005581195663840292, 0.0051518729204679614, 0.0036492433186648063, 0.0031125898894493937, 0.0026832671460770632, 0.002468605774390898, 0.0023612750885478157, 0.002253944402704733]
path_index = 3
	ranking_index = [15, 23, 27, 29, 39, 30, 43, 84, 45, 97, 71, 88, 98, 51, 75, 100, 46, 77, 53, 83]
	ranking_prob = [0.44263174841687236, 0.21798862294730062, 0.1100139529891596, 0.05291402812063969, 0.04518621873993775, 0.026832671460770636, 0.018353547279167114, 0.014811634646345391, 0.010196415155092842, 0.009767092411720512, 0.008157132124074273, 0.007513148009015778, 0.0061178490930557045, 0.0051518729204679614, 0.004078566062037136, 0.0032199205752924762, 0.0026832671460770632, 0.002468605774390898, 0.0021466137168616507, 0.0019319523451754857]
path_index = 4
	ranking_index = [15, 23, 27, 29, 39, 30, 43, 84, 45, 97, 71, 88, 51, 98, 46, 75, 77, 100, 83, 53]
	ranking_prob = [0.4501448964258882, 0.21970591392078995, 0.10733068584308254, 0.050230760974562624, 0.04357625845229151, 0.025544703230653644, 0.01813888590748095, 0.016636256305677794, 0.010303745840935923, 0.010303745840935923, 0.007942470752388108, 0.0074058173231726955, 0.0056885263496833744, 0.004615219491252549, 0.0036492433186648063, 0.0031125898894493937, 0.0028979285177632287, 0.0025759364602339807, 0.002039283031018568, 0.0017172909734893206]
path_index = 5
	ranking_index = [15, 23, 27, 29, 39, 30, 43, 84, 45, 97, 71, 88, 51, 98, 75, 100, 77, 46, 53, 83]
	ranking_prob = [0.4503595577975743, 0.21584200923043897, 0.1124825587635505, 0.05055275303209188, 0.04185896747880219, 0.02629601803155522, 0.017494901792422454, 0.016421594933991628, 0.010303745840935923, 0.009659761725877429, 0.008371793495760439, 0.0067618332081141996, 0.005795857035526457, 0.005044542234624879, 0.0036492433186648063, 0.003005259203606311, 0.002790597831920146, 0.0025759364602339807, 0.002253944402704733, 0.002039283031018568]
path_index = 6
	ranking_index = [15, 23, 27, 29, 39, 30, 43, 84, 45, 71, 97, 88, 51, 98, 46, 75, 100, 77, 83, 53]
	ranking_prob = [0.4492862509391435, 0.21927659117741763, 0.11087259847590426, 0.04926478480197488, 0.04142964473542986, 0.026188687345712138, 0.01728024042073629, 0.016636256305677794, 0.010840399270151336, 0.008586454867446603, 0.008371793495760439, 0.00804980143823119, 0.005795857035526457, 0.004293227433723301, 0.003756574004507889, 0.0036492433186648063, 0.003005259203606311, 0.0023612750885478157, 0.0021466137168616507, 0.002039283031018568]
path_index = 7
	ranking_index = [15, 23, 27, 29, 39, 30, 84, 43, 45, 71, 97, 51, 88, 98, 46, 75, 100, 77, 53, 83]
	ranking_prob = [0.44896425888161423, 0.2218525276376516, 0.10700869378555329, 0.05151872920467962, 0.04078566062037137, 0.027691316947515296, 0.016636256305677794, 0.015992272190619296, 0.010089084469249759, 0.009767092411720512, 0.009123108296662016, 0.0072984866373296126, 0.0063325104647418695, 0.005044542234624879, 0.003005259203606311, 0.002790597831920146, 0.002790597831920146, 0.0023612750885478157, 0.002253944402704733, 0.0016099602876462381]
alpha0.1 (snr=3.0)
	path-0 , [0.4063 0.6397 0.7515 0.8077 0.8367 0.8583 0.8694 0.8765 0.8809 0.8836
 0.887  0.8895 0.8924 0.8961 0.899  0.9014 0.9031 0.9058 0.9077 0.9098]
	path-1 , [0.4055 0.6455 0.7519 0.8064 0.836  0.8567 0.8703 0.8768 0.8808 0.884
 0.8873 0.8902 0.8937 0.8965 0.8999 0.9025 0.9047 0.9074 0.9092 0.9117]
	path-2 , [0.4051 0.6327 0.7453 0.8022 0.8345 0.8574 0.8692 0.8769 0.882  0.8853
 0.8891 0.8911 0.8938 0.8958 0.8985 0.9008 0.9028 0.9056 0.9077 0.9106]
	path-3 , [0.4093 0.6379 0.7447 0.8026 0.8347 0.8569 0.8692 0.877  0.8811 0.8841
 0.8879 0.8906 0.8941 0.8964 0.9001 0.9029 0.9051 0.9075 0.9097 0.912 ]
	path-4 , [0.4065 0.6428 0.753  0.8059 0.8381 0.8589 0.8712 0.8788 0.883  0.8861
 0.889  0.8913 0.8943 0.8978 0.9007 0.9036 0.9053 0.9083 0.9101 0.9128]
	path-5 , [0.4056 0.6437 0.7536 0.8087 0.8396 0.8592 0.8703 0.877  0.8815 0.8851
 0.8884 0.8908 0.8938 0.8966 0.8996 0.9025 0.9046 0.907  0.9086 0.9109]
	path-6 , [0.4078 0.6402 0.7462 0.8029 0.8336 0.8568 0.8698 0.8773 0.8823 0.8852
 0.8885 0.8918 0.8948 0.898  0.902  0.9045 0.9066 0.909  0.9107 0.9127]
	path-7 , [0.4057 0.6389 0.7513 0.8063 0.8376 0.8591 0.8705 0.8785 0.8826 0.8852
 0.8892 0.8919 0.8948 0.8972 0.9007 0.9038 0.9062 0.9091 0.9115 0.913 ]
alpha0.2 (snr=3.0)
	path-0 , [0.3693 0.6002 0.7307 0.8064 0.8488 0.872  0.8882 0.8968 0.904  0.9082
 0.9121 0.9144 0.9178 0.9197 0.921  0.923  0.924  0.9253 0.9266 0.927 ]
	path-1 , [0.371  0.605  0.736  0.8075 0.8495 0.874  0.8887 0.8978 0.9054 0.9096
 0.9141 0.9168 0.9193 0.9218 0.9232 0.9242 0.9246 0.9254 0.9262 0.9269]
	path-2 , [0.3679 0.5909 0.7249 0.801  0.8465 0.872  0.8881 0.8979 0.9045 0.91
 0.9134 0.9164 0.9201 0.9224 0.9235 0.925  0.9256 0.9263 0.9272 0.9277]
	path-3 , [0.37   0.5986 0.7285 0.8042 0.8483 0.8735 0.8893 0.8984 0.9043 0.9102
 0.9142 0.9176 0.9197 0.9219 0.9234 0.9248 0.926  0.9267 0.9272 0.9273]
	path-4 , [0.3665 0.6018 0.7326 0.8069 0.8507 0.8752 0.8902 0.8991 0.9061 0.9109
 0.9153 0.9179 0.92   0.9224 0.9235 0.9245 0.9246 0.9254 0.9262 0.9271]
	path-5 , [0.3699 0.6049 0.7363 0.8083 0.8512 0.8738 0.8896 0.8979 0.9049 0.9093
 0.9134 0.916  0.9188 0.9209 0.9225 0.9237 0.9247 0.9253 0.9261 0.9267]
	path-6 , [0.3696 0.6011 0.7326 0.8044 0.8489 0.8742 0.89   0.8993 0.905  0.9089
 0.9137 0.9164 0.9192 0.9216 0.9242 0.9255 0.9259 0.9264 0.927  0.9273]
	path-7 , [0.3638 0.5974 0.7311 0.8068 0.8514 0.8769 0.8915 0.8999 0.9054 0.9101
 0.9139 0.9173 0.9194 0.9216 0.9228 0.9242 0.9256 0.9261 0.927  0.9274]
alpha0.30000000000000004 (snr=3.0)
	path-0 , [0.3307 0.5379 0.6707 0.7597 0.8208 0.8553 0.8796 0.8938 0.9048 0.9108
 0.9163 0.9203 0.9227 0.9239 0.9251 0.926  0.9268 0.9274 0.9278 0.9279]
	path-1 , [0.3297 0.5368 0.6728 0.7628 0.8203 0.8572 0.8802 0.8932 0.9042 0.9114
 0.9157 0.9194 0.9228 0.9244 0.9255 0.9263 0.9272 0.9277 0.9279 0.9282]
	path-2 , [0.3232 0.5264 0.6605 0.7526 0.8149 0.8534 0.8786 0.8944 0.9053 0.9117
 0.9165 0.9202 0.9227 0.9251 0.9259 0.9268 0.9272 0.9279 0.9282 0.9283]
	path-3 , [0.3258 0.5341 0.6674 0.7578 0.8194 0.8561 0.8802 0.893  0.9042 0.9113
 0.9155 0.9197 0.9227 0.9242 0.9258 0.9266 0.9273 0.9278 0.928  0.9282]
	path-4 , [0.3264 0.5361 0.6671 0.757  0.8209 0.8566 0.8804 0.8939 0.9047 0.9115
 0.9165 0.9201 0.9223 0.925  0.9259 0.9265 0.9272 0.9279 0.9281 0.9284]
	path-5 , [0.33   0.5411 0.6704 0.759  0.8167 0.8534 0.8781 0.8919 0.9032 0.9109
 0.9153 0.9196 0.9221 0.924  0.9258 0.9268 0.927  0.9275 0.9278 0.9279]
	path-6 , [0.3283 0.5374 0.67   0.7593 0.8184 0.8545 0.8794 0.8938 0.904  0.9108
 0.9158 0.9193 0.9216 0.9241 0.9257 0.9268 0.9272 0.9276 0.9278 0.928 ]
	path-7 , [0.3237 0.5303 0.6651 0.7581 0.8199 0.8559 0.8789 0.894  0.9051 0.9111
 0.9156 0.9193 0.9223 0.9247 0.9258 0.9266 0.9269 0.9276 0.9278 0.9283]
alpha0.4 (snr=3.0)
	path-0 , [0.2928 0.4753 0.6025 0.69   0.7549 0.8055 0.8395 0.8659 0.8843 0.8976
 0.9063 0.9115 0.9159 0.9204 0.923  0.925  0.9263 0.9269 0.9273 0.9278]
	path-1 , [0.295  0.4735 0.6004 0.6881 0.7531 0.7994 0.8366 0.8633 0.8814 0.8944
 0.904  0.9108 0.9156 0.9194 0.9222 0.9249 0.926  0.927  0.9275 0.928 ]
	path-2 , [0.2852 0.4625 0.5866 0.6729 0.7447 0.7937 0.8313 0.8566 0.8774 0.8923
 0.9046 0.9113 0.9159 0.9198 0.9226 0.9244 0.9256 0.9266 0.9274 0.9278]
	path-3 , [0.287  0.4677 0.5933 0.6822 0.7493 0.7941 0.8298 0.8584 0.8787 0.8929
 0.9023 0.9099 0.9149 0.9188 0.922  0.9239 0.9255 0.9266 0.9272 0.9276]
	path-4 , [0.2909 0.4673 0.5923 0.6797 0.7461 0.7957 0.8336 0.8591 0.8784 0.8924
 0.9036 0.9096 0.9146 0.9186 0.9219 0.9245 0.9258 0.9268 0.9277 0.9278]
	path-5 , [0.2938 0.4772 0.5984 0.6848 0.7477 0.7943 0.8294 0.855  0.8751 0.8902
 0.9009 0.9081 0.9144 0.9178 0.9215 0.9237 0.9254 0.9264 0.9272 0.9275]
	path-6 , [0.2901 0.4739 0.5987 0.6821 0.7478 0.7947 0.8305 0.8576 0.8759 0.8901
 0.9001 0.907  0.9118 0.9162 0.9201 0.9237 0.9257 0.9265 0.9271 0.9276]
	path-7 , [0.2852 0.466  0.5929 0.6781 0.7456 0.7948 0.8292 0.8533 0.8738 0.8886
 0.9001 0.908  0.9133 0.9174 0.9209 0.9231 0.9246 0.9259 0.927  0.9274]
alpha0.5 (snr=3.0)
	path-0 , [0.264  0.4236 0.5378 0.6268 0.6976 0.7522 0.797  0.8308 0.857  0.8755
 0.8914 0.9016 0.9093 0.9136 0.9182 0.9219 0.9239 0.925  0.9259 0.9269]
	path-1 , [0.2624 0.4187 0.5305 0.619  0.6895 0.7461 0.7869 0.8223 0.848  0.8694
 0.8873 0.8993 0.9065 0.9118 0.9172 0.9203 0.923  0.9243 0.9252 0.9262]
	path-2 , [0.2541 0.4076 0.5168 0.6051 0.6753 0.7305 0.7763 0.8118 0.8418 0.864
 0.8829 0.8952 0.904  0.9114 0.9163 0.9201 0.9226 0.9239 0.9255 0.9266]
	path-3 , [0.2543 0.4107 0.5238 0.6094 0.6761 0.7332 0.7749 0.8108 0.839  0.8619
 0.8787 0.8936 0.9037 0.9099 0.9158 0.9183 0.922  0.9239 0.9254 0.9258]
	path-4 , [0.2574 0.411  0.5237 0.6056 0.6754 0.7308 0.7758 0.8125 0.8385 0.8592
 0.8786 0.8931 0.9039 0.9102 0.9145 0.9189 0.9216 0.9238 0.9249 0.9261]
	path-5 , [0.2578 0.4174 0.5279 0.6122 0.6765 0.7306 0.7734 0.8072 0.8349 0.8584
 0.877  0.8904 0.9023 0.909  0.9156 0.9188 0.922  0.9236 0.9247 0.9257]
	path-6 , [0.256  0.4181 0.5295 0.6132 0.6778 0.7271 0.7728 0.8082 0.8354 0.8573
 0.8757 0.8908 0.8999 0.9071 0.9126 0.9181 0.9207 0.9234 0.9249 0.926 ]
	path-7 , [0.2534 0.4129 0.5221 0.6047 0.6689 0.7232 0.7691 0.8024 0.832  0.8555
 0.8713 0.8877 0.8995 0.9064 0.9138 0.9177 0.9213 0.9232 0.9244 0.9257]
alpha0.6 (snr=3.0)
	path-0 , [0.2384 0.3817 0.4934 0.5789 0.6522 0.7133 0.7619 0.8021 0.8335 0.8574
 0.8755 0.8913 0.9004 0.9082 0.9139 0.9173 0.9217 0.9233 0.9252 0.926 ]
	path-1 , [0.2377 0.3768 0.4806 0.564  0.638  0.6988 0.7472 0.788  0.8212 0.8464
 0.8654 0.8849 0.8968 0.9063 0.9124 0.9157 0.9193 0.9218 0.9234 0.925 ]
	path-2 , [0.2289 0.364  0.464  0.5466 0.6162 0.6809 0.7309 0.7747 0.8119 0.8384
 0.8637 0.8782 0.8917 0.9019 0.9096 0.9157 0.9191 0.9212 0.9238 0.9249]
	path-3 , [0.2308 0.3639 0.4714 0.5518 0.6198 0.6775 0.7279 0.7681 0.8069 0.8346
 0.8572 0.8765 0.8912 0.9021 0.9095 0.9144 0.918  0.9213 0.9232 0.9248]
	path-4 , [0.2346 0.3647 0.4697 0.5469 0.6173 0.6763 0.7264 0.767  0.8038 0.8324
 0.8551 0.8729 0.8898 0.9014 0.91   0.9141 0.9174 0.9204 0.9228 0.9246]
	path-5 , [0.2333 0.3682 0.4718 0.5522 0.6191 0.6761 0.7235 0.7657 0.8001 0.8289
 0.8527 0.8727 0.8872 0.8988 0.9072 0.9126 0.9173 0.9208 0.9228 0.9242]
	path-6 , [0.2308 0.3686 0.4743 0.552  0.6177 0.6753 0.7227 0.7623 0.7996 0.828
 0.852  0.8709 0.8854 0.8962 0.9062 0.9127 0.9165 0.9203 0.9223 0.9245]
	path-7 , [0.2283 0.3652 0.4663 0.5415 0.6081 0.6675 0.7138 0.7557 0.7924 0.8239
 0.847  0.8659 0.883  0.8954 0.9044 0.9111 0.9163 0.9191 0.9219 0.9241]
alpha0.7000000000000001 (snr=3.0)
	path-0 , [0.22   0.3498 0.4572 0.5418 0.6213 0.684  0.7377 0.7794 0.8158 0.844
 0.8636 0.8801 0.8928 0.9035 0.9106 0.9152 0.9186 0.9215 0.9238 0.9252]
	path-1 , [0.2182 0.3429 0.4414 0.5266 0.6028 0.6647 0.7199 0.7634 0.7972 0.8297
 0.851  0.8707 0.8868 0.8992 0.9074 0.9126 0.9165 0.9199 0.922  0.924 ]
	path-2 , [0.21   0.3312 0.4233 0.5039 0.5747 0.6418 0.6994 0.7468 0.7874 0.8187
 0.8446 0.8637 0.8808 0.8944 0.9048 0.9107 0.9155 0.9193 0.9218 0.9241]
	path-3 , [0.2095 0.3297 0.4272 0.5081 0.5806 0.6422 0.6949 0.7395 0.779  0.8122
 0.8393 0.8625 0.8805 0.8933 0.9028 0.9105 0.9145 0.9185 0.9215 0.9236]
	path-4 , [0.2125 0.3318 0.4256 0.5068 0.5758 0.638  0.6915 0.7385 0.7751 0.8105
 0.838  0.8586 0.8753 0.8924 0.9024 0.9099 0.914  0.9186 0.9209 0.9234]
	path-5 , [0.2123 0.3328 0.4262 0.508  0.5769 0.6337 0.687  0.7339 0.774  0.8052
 0.8335 0.8573 0.8748 0.8895 0.9013 0.9079 0.9129 0.9174 0.9212 0.9231]
	path-6 , [0.211  0.3345 0.4291 0.5078 0.5745 0.633  0.6863 0.7326 0.7707 0.8045
 0.8322 0.8539 0.8714 0.8866 0.8977 0.9065 0.9124 0.9177 0.9209 0.9228]
	path-7 , [0.2076 0.3279 0.4209 0.4955 0.5632 0.6216 0.6729 0.7203 0.7613 0.7937
 0.826  0.8493 0.8688 0.8861 0.8976 0.9062 0.9118 0.9168 0.9198 0.9218]
alpha0.8 (snr=3.0)
	path-0 , [0.2058 0.3284 0.4333 0.5194 0.5973 0.6638 0.7207 0.7623 0.801  0.8328
 0.8541 0.8732 0.8863 0.8991 0.907  0.9129 0.9169 0.9199 0.9233 0.9249]
	path-1 , [0.2019 0.3197 0.4142 0.4986 0.5731 0.6398 0.6995 0.7451 0.7818 0.8153
 0.8393 0.8614 0.8778 0.8926 0.904  0.9093 0.9148 0.9181 0.9209 0.9231]
	path-2 , [0.1924 0.3057 0.398  0.475  0.5453 0.6152 0.6741 0.726  0.767  0.8007
 0.8286 0.8522 0.8717 0.8875 0.8995 0.9072 0.9135 0.9176 0.9205 0.9235]
	path-3 , [0.1924 0.3011 0.3989 0.4781 0.5484 0.6134 0.6719 0.7176 0.7576 0.7945
 0.8249 0.8491 0.8701 0.8867 0.8975 0.9058 0.9121 0.9165 0.9196 0.9223]
	path-4 , [0.1941 0.3039 0.3938 0.4746 0.5445 0.6074 0.6658 0.7162 0.7548 0.7892
 0.8244 0.8487 0.8679 0.8839 0.8968 0.9059 0.9115 0.9165 0.9199 0.9225]
	path-5 , [0.1947 0.3072 0.3938 0.4742 0.5437 0.6071 0.6617 0.7086 0.7521 0.7886
 0.8173 0.8437 0.8644 0.8805 0.8938 0.9029 0.9103 0.9146 0.9191 0.9222]
	path-6 , [0.1932 0.3059 0.3967 0.4742 0.5438 0.6003 0.6602 0.7083 0.7478 0.7847
 0.8169 0.8422 0.8622 0.8774 0.8909 0.9021 0.9095 0.9155 0.9191 0.9224]
	path-7 , [0.1922 0.302  0.3853 0.4636 0.5294 0.5891 0.6462 0.6954 0.7391 0.7734
 0.8102 0.8364 0.8569 0.8774 0.8909 0.9012 0.9079 0.9141 0.9176 0.9208]
alpha0.9 (snr=3.0)
	path-0 , [0.1935 0.312  0.4127 0.5015 0.5791 0.6483 0.7073 0.751  0.7913 0.8237
 0.8467 0.8677 0.8828 0.8942 0.9045 0.9102 0.9151 0.9191 0.9222 0.9242]
	path-1 , [0.1873 0.3012 0.3916 0.4774 0.5535 0.6202 0.6823 0.7315 0.7692 0.8048
 0.83   0.8539 0.8721 0.8869 0.8992 0.9068 0.9128 0.9166 0.9202 0.9224]
	path-2 , [0.1778 0.2862 0.3757 0.4577 0.5259 0.5955 0.6562 0.7096 0.7523 0.7885
 0.8178 0.8438 0.8648 0.8814 0.8943 0.9047 0.9116 0.9165 0.9195 0.9227]
	path-3 , [0.1773 0.2818 0.3764 0.4549 0.5271 0.5918 0.6546 0.7025 0.7432 0.7805
 0.8137 0.8402 0.8629 0.8798 0.8935 0.9033 0.91   0.9147 0.9185 0.9217]
	path-4 , [0.1788 0.2851 0.3718 0.4513 0.524  0.5871 0.6457 0.6971 0.7411 0.7764
 0.8121 0.8405 0.8612 0.8772 0.8906 0.9022 0.909  0.9147 0.9187 0.9213]
	path-5 , [0.18   0.2859 0.3714 0.4494 0.5205 0.5844 0.6417 0.6887 0.7336 0.7733
 0.8074 0.8338 0.8554 0.8744 0.8879 0.8991 0.907  0.9133 0.9173 0.9215]
	path-6 , [0.177  0.2855 0.3725 0.45   0.5188 0.5775 0.639  0.6885 0.7297 0.7702
 0.8035 0.8302 0.8555 0.8711 0.8851 0.8977 0.907  0.9136 0.9181 0.9211]
	path-7 , [0.1786 0.2802 0.3624 0.4378 0.505  0.5672 0.6244 0.6761 0.7221 0.7565
 0.7958 0.8244 0.8482 0.8699 0.8856 0.8973 0.9054 0.9122 0.9163 0.9198]
path_index = 0
	ranking_index = [15, 23, 27, 29, 39, 30, 43, 84, 97, 45, 98, 88, 71, 46, 75, 100, 51, 77, 53, 83]
	ranking_prob = [0.44857296715131934, 0.24544964997307486, 0.10877759827679052, 0.05449649973074852, 0.039310716208939146, 0.023801830910070005, 0.013677975228863758, 0.013031771674744211, 0.009800753904146474, 0.006354334948842219, 0.006031233171782445, 0.0059235325794291865, 0.005385029617662897, 0.0040926225094238015, 0.0026925148088314485, 0.002584814216478191, 0.0020463112547119008, 0.0019386106623586429, 0.0015078082929456111, 0.0012924071082390954]
path_index = 1
	ranking_index = [15, 23, 27, 29, 39, 30, 43, 84, 97, 88, 45, 71, 98, 75, 46, 51, 77, 100, 53, 83]
	ranking_prob = [0.45040387722132474, 0.24491114701130856, 0.10813139472267097, 0.0535271943995692, 0.03607969843834141, 0.025201938610662358, 0.01615508885298869, 0.012600969305331179, 0.009262250942380184, 0.007646742057081314, 0.00678513731825525, 0.006569736133548734, 0.005277329025309639, 0.0026925148088314485, 0.0024771136241249327, 0.0023694130317716746, 0.0023694130317716746, 0.0019386106623586429, 0.0012924071082390954, 0.0008616047388260636]
path_index = 2
	ranking_index = [15, 23, 27, 29, 39, 30, 43, 84, 97, 45, 88, 71, 98, 46, 51, 75, 77, 100, 53, 83]
	ranking_prob = [0.4507269789983845, 0.23435648896068928, 0.11103931071620894, 0.05611200861604739, 0.03974151857835218, 0.026925148088314487, 0.01410877759827679, 0.012493268712977922, 0.00840064620355412, 0.007431340872374798, 0.006246634356488961, 0.005708131394722671, 0.004954227248249865, 0.003984921917070544, 0.002584814216478191, 0.002584814216478191, 0.0024771136241249327, 0.0023694130317716746, 0.0019386106623586429, 0.0015078082929456111]
path_index = 3
	ranking_index = [15, 23, 27, 29, 39, 30, 84, 43, 97, 45, 71, 88, 98, 46, 75, 51, 77, 100, 53, 54]
	ranking_prob = [0.4535271943995692, 0.23758750673128703, 0.10393107162089392, 0.05686591276252019, 0.039526117393645664, 0.027679052234787293, 0.014862681744749596, 0.013893376413570274, 0.00840064620355412, 0.0077544426494345715, 0.006031233171782445, 0.005708131394722671, 0.005385029617662897, 0.0034464189553042542, 0.0031233171782444804, 0.002584814216478191, 0.0019386106623586429, 0.0016155088852988692, 0.0008616047388260636, 0.0008616047388260636]
path_index = 4
	ranking_index = [15, 23, 27, 29, 39, 30, 43, 84, 97, 45, 71, 88, 98, 46, 75, 51, 100, 77, 104, 53]
	ranking_prob = [0.45212708669897683, 0.24394184168012925, 0.10996230479267637, 0.05083467959073775, 0.037049003769520736, 0.027463651050080775, 0.014324178782983307, 0.01410877759827679, 0.007539041464728056, 0.006677436725901992, 0.006354334948842219, 0.005815831987075929, 0.004738826063543349, 0.0038772213247172858, 0.0029079159935379646, 0.0020463112547119008, 0.0020463112547119008, 0.0019386106623586429, 0.0014001077005923533, 0.0012924071082390954]
path_index = 5
	ranking_index = [15, 23, 27, 29, 39, 30, 43, 84, 97, 88, 45, 71, 98, 46, 75, 51, 100, 77, 53, 83]
	ranking_prob = [0.4502961766289715, 0.24383414108777599, 0.10974690360796985, 0.054065697361335485, 0.035541195476575124, 0.02778675282714055, 0.013677975228863758, 0.012924071082390954, 0.00786214324178783, 0.0068928379106085085, 0.006354334948842219, 0.005815831987075929, 0.005169628432956382, 0.003554119547657512, 0.0028002154011847065, 0.002584814216478191, 0.002154011847065159, 0.0019386106623586429, 0.0012924071082390954, 0.0011847065158858373]
path_index = 6
	ranking_index = [15, 23, 27, 29, 39, 30, 43, 84, 97, 45, 88, 71, 46, 98, 75, 77, 51, 100, 53, 83]
	ranking_prob = [0.451373182552504, 0.23984921917070545, 0.10726978998384491, 0.0555735056542811, 0.04028002154011847, 0.024340333871836296, 0.014539579967689823, 0.012924071082390954, 0.009262250942380184, 0.00732364028002154, 0.0059235325794291865, 0.005600430802369413, 0.0038772213247172858, 0.0032310177705977385, 0.0030156165858912223, 0.0029079159935379646, 0.002584814216478191, 0.002261712439418417, 0.0017232094776521271, 0.0009693053311793214]
path_index = 7
	ranking_index = [15, 23, 27, 29, 39, 30, 43, 84, 97, 45, 88, 71, 98, 75, 46, 77, 51, 100, 53, 83]
	ranking_prob = [0.45158858373721056, 0.24006462035541196, 0.11136241249326871, 0.05460420032310178, 0.037910608508346794, 0.026063543349488422, 0.014001077005923533, 0.011739364566505116, 0.008185245018847603, 0.007000538502961767, 0.007000538502961767, 0.006246634356488961, 0.0040926225094238015, 0.0034464189553042542, 0.0028002154011847065, 0.0023694130317716746, 0.002154011847065159, 0.001830910070005385, 0.0014001077005923533, 0.0014001077005923533]