PAC(128-71)
L = 8
T = 0  Error Count = 5000
Rate-profile = rm-polar
design SNR = 3
Convolution poly = , [1 0 1 1 0 1 1]
CRC index = [15, 31, 47, 63, 79, 95, 111, 127] , CRC = 0 bits
Frozen-check = , [84, 88, 97, 98, 100, 104, 112] , Frozen-check = 7 bits
Mismatch = [84, 88, 97, 98, 100, 104, 112] , Mismatch-length = 0 , Mismatch-first = False
Enabling-Criterion =, Perfect
Running : AccuracyFlippath , 
Decoding starting Time : 2025-09-06 15-30-28
Running Time : 1373 min


SNR = [3.0, 3.5]
FER = [0.005054731799023621, 0.0008345314809104053]
average_decoding_attempt = [1.0, 1.0]
alpha1.0 (snr=3.0)
	[0.147  0.2548 0.3332 0.4006 0.4676 0.5344 0.5904 0.6434 0.6886 0.7276
 0.7686 0.801  0.8314 0.8618 0.8826 0.9044 0.922  0.9392 0.9504 0.965 ]
alpha1.1 (snr=3.0)
	[0.262  0.4542 0.5694 0.6458 0.7074 0.7538 0.7926 0.8288 0.8568 0.8772
 0.898  0.9144 0.9318 0.9424 0.9546 0.9628 0.9714 0.978  0.9832 0.9862]
alpha1.2000000000000002 (snr=3.0)
	[0.3218 0.5426 0.686  0.7744 0.8306 0.8696 0.8952 0.9148 0.9302 0.9432
 0.9518 0.961  0.969  0.9736 0.9774 0.9828 0.9878 0.9902 0.9914 0.993 ]
alpha1.3000000000000003 (snr=3.0)
	[0.343  0.5762 0.7282 0.8208 0.8768 0.9104 0.93   0.9456 0.9582 0.9668
 0.9734 0.9786 0.9826 0.9842 0.9874 0.991  0.9922 0.9936 0.9942 0.9952]
alpha1.4000000000000004 (snr=3.0)
	[0.3524 0.6026 0.7508 0.8374 0.8952 0.93   0.9486 0.9618 0.9716 0.9768
 0.9816 0.9846 0.986  0.9886 0.991  0.9928 0.9944 0.9948 0.9958 0.996 ]
alpha1.5000000000000004 (snr=3.0)
	[0.3564 0.612  0.7652 0.8506 0.9072 0.9396 0.9562 0.9656 0.9748 0.9796
 0.9844 0.987  0.9894 0.9912 0.9928 0.9938 0.9946 0.9952 0.996  0.9962]
alpha1.6000000000000005 (snr=3.0)
	[0.359  0.6158 0.7706 0.855  0.9092 0.944  0.9592 0.968  0.9764 0.9806
 0.9854 0.9878 0.99   0.9918 0.9934 0.9942 0.9948 0.9956 0.9958 0.9962]
alpha1.7000000000000006 (snr=3.0)
	[0.3612 0.6168 0.773  0.8576 0.912  0.944  0.96   0.9692 0.9778 0.981
 0.9852 0.9876 0.9898 0.9922 0.9934 0.9942 0.995  0.9954 0.996  0.9964]
alpha1.8000000000000007 (snr=3.0)
	[0.357  0.6168 0.7772 0.86   0.9116 0.943  0.9592 0.9692 0.977  0.9808
 0.9846 0.9876 0.9896 0.9918 0.9928 0.9942 0.995  0.9956 0.9958 0.9962]
alpha1.9000000000000008 (snr=3.0)
	[0.3544 0.6124 0.7756 0.8602 0.911  0.9418 0.9592 0.9682 0.9768 0.9804
 0.9844 0.9874 0.9888 0.9916 0.9934 0.9946 0.9954 0.9956 0.9958 0.9962]
alpha2.000000000000001 (snr=3.0)
	[0.3518 0.607  0.7766 0.8586 0.9102 0.9418 0.958  0.9668 0.9762 0.9796
 0.9842 0.987  0.9888 0.9918 0.9934 0.9944 0.9954 0.9954 0.9956 0.9958]
alpha2.100000000000001 (snr=3.0)
	[0.3504 0.6026 0.7752 0.8584 0.9096 0.9412 0.9578 0.967  0.976  0.9798
 0.984  0.987  0.9888 0.9918 0.993  0.994  0.995  0.9954 0.9956 0.9958]
alpha2.200000000000001 (snr=3.0)
	[0.3506 0.5984 0.7728 0.858  0.9092 0.9404 0.9562 0.967  0.9756 0.9796
 0.984  0.9864 0.9886 0.991  0.993  0.9938 0.9946 0.9952 0.9956 0.9958]
alpha2.300000000000001 (snr=3.0)
	[0.35   0.5964 0.7698 0.856  0.9094 0.94   0.9562 0.9662 0.975  0.9794
 0.9834 0.9862 0.9884 0.9908 0.993  0.9938 0.9946 0.995  0.9956 0.9958]
alpha2.4000000000000012 (snr=3.0)
	[0.3478 0.5934 0.7684 0.8558 0.9092 0.9382 0.9548 0.9658 0.975  0.979
 0.9838 0.9862 0.9882 0.991  0.993  0.9936 0.9946 0.995  0.9956 0.9958]
alpha2.5000000000000013 (snr=3.0)
	[0.3462 0.5896 0.7688 0.8556 0.9092 0.9372 0.9538 0.9656 0.9748 0.979
 0.9834 0.9858 0.9878 0.9908 0.9928 0.9936 0.9944 0.9946 0.9956 0.9956]
alpha1.0 (snr=3.5)
	[0.159  0.2712 0.3556 0.4212 0.4808 0.5432 0.5924 0.6458 0.6966 0.7452
 0.781  0.8154 0.8408 0.8648 0.8856 0.9062 0.9228 0.9368 0.9512 0.9628]
alpha1.1 (snr=3.5)
	[0.2946 0.4812 0.6016 0.6752 0.737  0.7842 0.8176 0.8484 0.8682 0.8896
 0.9066 0.9226 0.9382 0.9478 0.9592 0.9676 0.975  0.9802 0.983  0.9854]
alpha1.2000000000000002 (snr=3.5)
	[0.3636 0.5892 0.7236 0.8078 0.8602 0.8894 0.9136 0.9316 0.9448 0.957
 0.9626 0.9688 0.9744 0.979  0.982  0.985  0.9874 0.9886 0.9914 0.9924]
alpha1.3000000000000003 (snr=3.5)
	[0.3912 0.6372 0.7768 0.8576 0.9064 0.9362 0.9562 0.9652 0.9722 0.9782
 0.9818 0.9838 0.9874 0.9888 0.9896 0.9906 0.9916 0.9926 0.9936 0.9944]
alpha1.4000000000000004 (snr=3.5)
	[0.4058 0.6562 0.7994 0.8798 0.924  0.955  0.9686 0.978  0.9828 0.9868
 0.989  0.9896 0.9902 0.9912 0.9922 0.993  0.9936 0.9938 0.9946 0.9946]
alpha1.5000000000000004 (snr=3.5)
	[0.4136 0.6708 0.8166 0.8916 0.9336 0.9624 0.9748 0.982  0.9872 0.9898
 0.991  0.9922 0.9926 0.9932 0.9938 0.9938 0.994  0.9942 0.9946 0.995 ]
alpha1.6000000000000005 (snr=3.5)
	[0.4188 0.6808 0.8234 0.8978 0.9398 0.9684 0.9778 0.984  0.9886 0.9904
 0.9914 0.9928 0.9934 0.9936 0.994  0.994  0.9942 0.9944 0.9948 0.995 ]
alpha1.7000000000000006 (snr=3.5)
	[0.4204 0.6842 0.8314 0.9034 0.9424 0.9696 0.9798 0.9848 0.9892 0.991
 0.9918 0.993  0.9936 0.9936 0.9938 0.994  0.9942 0.9944 0.9948 0.9948]
alpha1.8000000000000007 (snr=3.5)
	[0.4208 0.6868 0.8358 0.9066 0.945  0.9714 0.9796 0.9842 0.9886 0.991
 0.9918 0.993  0.9936 0.9936 0.9938 0.9942 0.9946 0.9946 0.9948 0.995 ]
alpha1.9000000000000008 (snr=3.5)
	[0.4198 0.6876 0.8378 0.908  0.9474 0.971  0.979  0.984  0.9888 0.9902
 0.992  0.9928 0.9934 0.9938 0.994  0.9944 0.9946 0.9948 0.995  0.995 ]
alpha2.000000000000001 (snr=3.5)
	[0.4166 0.6884 0.835  0.9094 0.9466 0.97   0.9786 0.9842 0.9882 0.9902
 0.992  0.9928 0.9936 0.994  0.994  0.9944 0.9948 0.9948 0.995  0.995 ]
alpha2.100000000000001 (snr=3.5)
	[0.4162 0.6884 0.8354 0.9092 0.9458 0.9694 0.9782 0.9836 0.9876 0.99
 0.9918 0.9924 0.9936 0.994  0.9942 0.9944 0.9948 0.9948 0.995  0.995 ]
alpha2.200000000000001 (snr=3.5)
	[0.4148 0.6836 0.8342 0.9082 0.9458 0.969  0.9778 0.983  0.9876 0.9902
 0.9914 0.9922 0.9936 0.994  0.9944 0.9946 0.9948 0.9948 0.995  0.995 ]
alpha2.300000000000001 (snr=3.5)
	[0.4134 0.6808 0.8334 0.908  0.9458 0.9684 0.9778 0.9826 0.9874 0.9904
 0.991  0.992  0.9936 0.9942 0.9944 0.9946 0.9948 0.9948 0.995  0.995 ]
alpha2.4000000000000012 (snr=3.5)
	[0.4114 0.6776 0.8328 0.9076 0.945  0.9688 0.9772 0.9824 0.987  0.9898
 0.9908 0.9918 0.9934 0.994  0.9944 0.9946 0.9948 0.9948 0.995  0.995 ]
alpha2.5000000000000013 (snr=3.5)
	[0.4084 0.6752 0.8322 0.9076 0.945  0.9682 0.9772 0.9828 0.987  0.9896
 0.9904 0.9918 0.9934 0.994  0.9944 0.9946 0.9948 0.9948 0.995  0.995 ]