PAC(128-71)
L = 8
T = 0  Error Count = 10000
Rate-profile = rm-polar
design SNR = 3
Convolution poly = , [1 0 1 1 0 1 1]
CRC index = [15, 31, 47, 63, 79, 95, 111, 127] , CRC = 0 bits
Frozen-check = , [84, 88, 97, 98, 100, 104, 112] , Frozen-check = 7 bits
Mismatch = [84, 88, 97, 98, 100, 104, 112] , Mismatch-length = 0 , Mismatch-first = False
Enabling-Criterion =, FrozenCheck
Running : AccuracyforFlipEveryPath , 
Decoding starting Time : 2025-09-09 15-20-07
Running Time : 783 min


SNR = [2.5, 3.0]
FER = [0.021533088741904367, 0.0049677032233196436]
average_decoding_attempt = [1.0, 1.0]
everyCriticalBit (snr=2.5)
	path-0 , [0.4054 0.6151 0.7166 0.7675 0.7909 0.8337 0.8491 0.8588 0.8624 0.8673
 0.8683 0.8689 0.8693 0.8695 0.8698 0.8775 0.8808 0.8825 0.8833 0.8858]
	path-1 , [0.4086 0.619  0.7212 0.7725 0.7967 0.8374 0.8519 0.8609 0.8648 0.8697
 0.8713 0.8717 0.8724 0.8728 0.8729 0.8808 0.8852 0.887  0.8877 0.8902]
	path-2 , [0.4052 0.6214 0.723  0.7726 0.7963 0.838  0.8532 0.8614 0.8648 0.8702
 0.8715 0.8721 0.8724 0.8729 0.873  0.8808 0.8846 0.8869 0.8875 0.8902]
	path-3 , [0.4114 0.6231 0.7259 0.7736 0.7969 0.8379 0.853  0.8629 0.8663 0.8716
 0.8728 0.8733 0.8737 0.874  0.8742 0.8829 0.8868 0.8887 0.8896 0.892 ]
	path-4 , [0.4129 0.6211 0.7237 0.7732 0.797  0.8377 0.8538 0.8638 0.8672 0.8716
 0.8729 0.8736 0.8742 0.8745 0.8749 0.8826 0.8862 0.8882 0.8891 0.8917]
	path-5 , [0.4107 0.6196 0.7221 0.7709 0.7952 0.8372 0.8531 0.8622 0.8661 0.8714
 0.8731 0.8738 0.8743 0.8748 0.8748 0.8829 0.887  0.8887 0.8894 0.8926]
	path-6 , [0.4069 0.6165 0.7203 0.7729 0.7952 0.8367 0.8523 0.8611 0.8656 0.8717
 0.8727 0.8735 0.8745 0.8749 0.875  0.8825 0.887  0.889  0.89   0.8925]
	path-7 , [0.4139 0.6214 0.7214 0.7744 0.797  0.8377 0.8547 0.8639 0.8677 0.8719
 0.8725 0.8729 0.8736 0.874  0.8741 0.8831 0.8867 0.8888 0.8895 0.8922]
path_index = 0
	ranking_index = [15, 23, 27, 29, 39, 30, 43, 84, 97, 45, 71, 88, 98, 51, 46, 75, 83, 100, 77, 53]
	ranking_prob = [0.4365241735759664, 0.22579950468396684, 0.10929255949176268, 0.05480779584365242, 0.04608592656401422, 0.025196511252288143, 0.016582319371163994, 0.014644126197911058, 0.01356735221277054, 0.010444707655863035, 0.008291159685581997, 0.007322063098955529, 0.005383869925702595, 0.0052761925271885435, 0.0038763863465058686, 0.0035533541509637128, 0.0026919349628512974, 0.0026919349628512974, 0.0018305157747388822, 0.001076773985140519]
path_index = 1
	ranking_index = [15, 23, 27, 29, 39, 30, 84, 43, 45, 97, 71, 88, 51, 75, 98, 46, 83, 100, 77, 53]
	ranking_prob = [0.43996985032841607, 0.2265532464735652, 0.11004630128136104, 0.05523850543770863, 0.043824701195219126, 0.02605793044040056, 0.015720900183051577, 0.015613222784537525, 0.00969096586626467, 0.009475611069236568, 0.008506514482610101, 0.006460643910843114, 0.0052761925271885435, 0.004737805534618284, 0.00452245073759018, 0.004199418542048024, 0.0026919349628512974, 0.0025842575643372457, 0.0019381931732529343, 0.0017228383762248303]
path_index = 2
	ranking_index = [15, 23, 27, 29, 39, 30, 43, 84, 97, 45, 71, 88, 51, 75, 98, 46, 83, 77, 100, 53]
	ranking_prob = [0.4363088187789383, 0.2327985355873802, 0.10940023689027673, 0.053407989662969745, 0.04490147518035964, 0.0255195434478303, 0.01636696457413589, 0.014967158393453214, 0.010660062452891137, 0.008829546678152255, 0.008398837084096049, 0.0069990309034133735, 0.005814579519758802, 0.004091741143533972, 0.00398406374501992, 0.0036610315494777644, 0.002907289759879401, 0.0024765801658231936, 0.0019381931732529343, 0.0013998061806826747]
path_index = 3
	ranking_index = [15, 23, 27, 29, 39, 30, 43, 84, 45, 97, 71, 88, 51, 75, 98, 46, 83, 77, 100, 53]
	ranking_prob = [0.4429848174868095, 0.22795305265424787, 0.11069236567244535, 0.05136211909120276, 0.04414773339076128, 0.025088833853774094, 0.016259287175621837, 0.013998061806826747, 0.010660062452891137, 0.010337030257348983, 0.009367933670722516, 0.006245289113815011, 0.005706902121244751, 0.004199418542048024, 0.004091741143533972, 0.0036610315494777644, 0.0025842575643372457, 0.002045870571766986, 0.0018305157747388822, 0.0012921287821686229]
path_index = 4
	ranking_index = [15, 23, 27, 29, 39, 30, 43, 84, 45, 71, 97, 88, 51, 98, 75, 46, 83, 100, 77, 104]
	ranking_prob = [0.4445999784645203, 0.22418434370625606, 0.11047701087541725, 0.05330031226445569, 0.043824701195219126, 0.02562722084634435, 0.017336061160762355, 0.015074835791967266, 0.01076773985140519, 0.008291159685581997, 0.008183482287067945, 0.006568321309357166, 0.004737805534618284, 0.004630128136104232, 0.0038763863465058686, 0.0036610315494777644, 0.0027996123613653495, 0.00226122536879509, 0.002153547970281038, 0.0015074835791967266]
path_index = 5
	ranking_index = [15, 23, 27, 29, 39, 30, 43, 84, 45, 71, 97, 88, 51, 75, 46, 98, 83, 100, 53, 77]
	ranking_prob = [0.44223107569721115, 0.22493808549585442, 0.1103693334769032, 0.05254657047485733, 0.0452245073759018, 0.026165607838914612, 0.01712070636373425, 0.014859480994939162, 0.009798643264778722, 0.008721869279638203, 0.008614191881124151, 0.006460643910843114, 0.005706902121244751, 0.004414773339076128, 0.004199418542048024, 0.0037687089479918165, 0.0034456767524496607, 0.0019381931732529343, 0.0018305157747388822, 0.0018305157747388822]
path_index = 6
	ranking_index = [15, 23, 27, 29, 39, 30, 43, 84, 45, 71, 97, 88, 51, 98, 46, 75, 83, 77, 100, 53]
	ranking_prob = [0.4381393345536772, 0.22569182728545278, 0.11176913965758588, 0.0566383116183913, 0.044686120383331536, 0.024012059868633574, 0.016797674168192098, 0.014321094002368903, 0.009475611069236568, 0.008075804888553893, 0.007322063098955529, 0.00678367610638527, 0.006568321309357166, 0.005491547324216647, 0.004845482933132335, 0.004845482933132335, 0.0026919349628512974, 0.002153547970281038, 0.002045870571766986, 0.001076773985140519]
path_index = 7
	ranking_index = [15, 23, 27, 29, 39, 30, 43, 84, 45, 71, 97, 88, 51, 46, 98, 75, 83, 77, 100, 104]
	ranking_prob = [0.4456767524496608, 0.2234306019166577, 0.1076773985140519, 0.05706902121244751, 0.043824701195219126, 0.02433509206417573, 0.018305157747388823, 0.014428771400882955, 0.009906320663292775, 0.00969096586626467, 0.008183482287067945, 0.006352966512329062, 0.00452245073759018, 0.004091741143533972, 0.004091741143533972, 0.0038763863465058686, 0.002907289759879401, 0.00226122536879509, 0.002045870571766986, 0.0013998061806826747]
everyCriticalBit (snr=3.0)
	path-0 , [0.425  0.6375 0.7412 0.7873 0.8131 0.8513 0.8649 0.8726 0.8754 0.8776
 0.8796 0.8799 0.8801 0.8804 0.8806 0.8853 0.8875 0.8893 0.8896 0.8913]
	path-1 , [0.4267 0.6408 0.7453 0.7918 0.8171 0.853  0.8658 0.8733 0.8762 0.8785
 0.8802 0.8807 0.881  0.8815 0.8816 0.8873 0.8898 0.8914 0.8919 0.8934]
	path-2 , [0.4217 0.6331 0.742  0.7924 0.8166 0.8526 0.8664 0.8734 0.8761 0.8793
 0.881  0.8811 0.8812 0.8814 0.8815 0.8865 0.8885 0.8906 0.8909 0.8925]
	path-3 , [0.4217 0.64   0.7421 0.7904 0.8143 0.8515 0.8649 0.8719 0.8755 0.8787
 0.8807 0.8809 0.8813 0.8815 0.8816 0.8863 0.8895 0.8914 0.8919 0.8938]
	path-4 , [0.4207 0.6343 0.7411 0.789  0.8151 0.8521 0.8659 0.8728 0.876  0.8789
 0.8801 0.8803 0.8806 0.8808 0.8809 0.8864 0.8892 0.8913 0.8914 0.8931]
	path-5 , [0.4172 0.6338 0.7369 0.7855 0.8116 0.8484 0.8642 0.8727 0.8766 0.8795
 0.881  0.8813 0.8815 0.8819 0.882  0.8873 0.8898 0.891  0.8914 0.8935]
	path-6 , [0.4195 0.6347 0.7405 0.79   0.8147 0.8524 0.8664 0.8744 0.8771 0.8801
 0.8817 0.8819 0.8819 0.8821 0.8823 0.8862 0.889  0.8908 0.8914 0.8935]
	path-7 , [0.4195 0.6391 0.7438 0.7894 0.816  0.853  0.867  0.8737 0.8776 0.8802
 0.882  0.8824 0.8824 0.8827 0.8828 0.8885 0.8911 0.8926 0.8929 0.8945]
path_index = 0
	ranking_index = [15, 23, 27, 29, 39, 30, 43, 84, 97, 45, 98, 88, 71, 46, 100, 51, 75, 53, 77, 83]
	ranking_prob = [0.45684187896377515, 0.22842093948188757, 0.11146941846716113, 0.049553907341717725, 0.04106202300333226, 0.027732989358271527, 0.014618940126840804, 0.011716650542835645, 0.011394173922390626, 0.008276899924755455, 0.006986993442975384, 0.005804579168010319, 0.0050521337203052775, 0.0030097817908201654, 0.0026873051703751477, 0.00236482854993013, 0.00236482854993013, 0.002149844136300118, 0.0019348597226701064, 0.0018273675158551005]
path_index = 1
	ranking_index = [15, 23, 27, 29, 39, 30, 43, 84, 97, 45, 98, 71, 88, 46, 75, 51, 100, 53, 77, 83]
	ranking_prob = [0.4586692464796302, 0.23014081479092766, 0.11232935612168118, 0.04998387616897775, 0.03858970224658712, 0.027195528324196496, 0.013759002472320757, 0.012791572610985704, 0.009244329786090508, 0.008061915511125443, 0.006772009029345372, 0.006127055788455337, 0.006127055788455337, 0.0031172739976351714, 0.0026873051703751477, 0.002472320756745136, 0.002257336343115124, 0.0018273675158551005, 0.0017198753090400946, 0.0016123831022250886]
path_index = 2
	ranking_index = [15, 23, 27, 29, 39, 30, 43, 84, 97, 45, 88, 71, 98, 51, 46, 100, 77, 75, 104, 53]
	ranking_prob = [0.45329463613887994, 0.2272385252069225, 0.11705901322154144, 0.05417607223476298, 0.038697194453402126, 0.026013114049231432, 0.014833924540470816, 0.011931634956465657, 0.009674298613350531, 0.007524454477050414, 0.007524454477050414, 0.005374610340750295, 0.004837149306675266, 0.003439750618080189, 0.0029022895840051595, 0.00236482854993013, 0.002257336343115124, 0.002149844136300118, 0.0019348597226701064, 0.0018273675158551005]
path_index = 3
	ranking_index = [15, 23, 27, 29, 39, 30, 43, 84, 97, 45, 88, 98, 71, 46, 51, 75, 100, 53, 77, 83]
	ranking_prob = [0.45329463613887994, 0.2346554874771579, 0.10974954315812104, 0.05191873589164785, 0.0399871009351822, 0.02569063742878641, 0.014403955713210792, 0.012254111576910674, 0.010319251854240567, 0.007524454477050414, 0.006019563581640331, 0.005267118133935289, 0.0050521337203052775, 0.003869719445340213, 0.003439750618080189, 0.003439750618080189, 0.0026873051703751477, 0.002149844136300118, 0.002042351929485112, 0.002042351929485112]
path_index = 4
	ranking_index = [15, 23, 27, 29, 39, 30, 43, 84, 97, 88, 45, 71, 98, 46, 51, 75, 77, 100, 83, 53]
	ranking_prob = [0.45221971407072986, 0.22960335375685262, 0.11480167687842631, 0.05148876706438783, 0.03977211652155219, 0.028055465978716543, 0.014833924540470816, 0.012899064817800709, 0.010964205095130602, 0.007524454477050414, 0.007416962270235408, 0.005912071374825325, 0.003977211652155219, 0.003439750618080189, 0.0031172739976351714, 0.0030097817908201654, 0.002257336343115124, 0.002149844136300118, 0.0018273675158551005, 0.0012899064817800709]
path_index = 5
	ranking_index = [15, 23, 27, 29, 39, 30, 43, 84, 97, 45, 88, 71, 98, 46, 51, 75, 83, 100, 53, 77]
	ranking_prob = [0.44845748683220465, 0.23282811996130282, 0.1108244652262711, 0.05224121251209287, 0.03955713210792217, 0.028055465978716543, 0.016983768676770934, 0.013544018058690745, 0.009351821992905514, 0.009136837579275503, 0.005804579168010319, 0.005697086961195313, 0.005482102547565301, 0.00419219606578523, 0.0031172739976351714, 0.0026873051703751477, 0.002257336343115124, 0.002257336343115124, 0.0016123831022250886, 0.0012899064817800709]
path_index = 6
	ranking_index = [15, 23, 27, 29, 39, 30, 43, 84, 97, 45, 88, 98, 71, 51, 100, 75, 46, 83, 77, 53]
	ranking_prob = [0.4509298075889498, 0.23132322906589273, 0.11372675481027625, 0.05320864237342793, 0.04052456196925723, 0.02655057508330646, 0.015048908954100828, 0.013759002472320757, 0.009566806406535526, 0.008599376545200472, 0.005482102547565301, 0.004407180479415242, 0.00419219606578523, 0.0032247662044501773, 0.0032247662044501773, 0.0030097817908201654, 0.0029022895840051595, 0.002257336343115124, 0.0019348597226701064, 0.0017198753090400946]
path_index = 7
	ranking_index = [15, 23, 27, 29, 39, 30, 43, 84, 97, 45, 71, 88, 46, 98, 51, 75, 100, 53, 83, 77]
	ranking_prob = [0.4509298075889498, 0.23605288616575298, 0.11254434053531119, 0.049016446307642694, 0.03977211652155219, 0.028592927012791574, 0.015048908954100828, 0.013973986885950768, 0.009029345372460496, 0.007201977856605396, 0.006127055788455337, 0.005804579168010319, 0.00419219606578523, 0.00419219606578523, 0.0027947973771901536, 0.0027947973771901536, 0.0027947973771901536, 0.0019348597226701064, 0.0017198753090400946, 0.0016123831022250886]