PAC(128-71)
L = 8
T = 0  Error Count = 30000
Rate-profile = rm-polar
design SNR = 3
Convolution poly = , [1 0 1 1 0 1 1]
CRC index = [15, 31, 47, 63, 79, 95, 111, 127] , CRC = 0 bits
Frozen-check = , [84, 88, 97, 98, 100, 104, 112] , Frozen-check = 7 bits
Mismatch = [84, 88, 97, 98, 100, 104, 112] , Mismatch-length = 0 , Mismatch-first = False
Enabling-Criterion =, FrozenCheck
Running : AccuracyforFlipEveryPath , 
Decoding starting Time : 2025-09-09 15-17-02
Running Time : 329 min


SNR = [1.0, 1.5, 2.0]
FER = [0.31993217663933116, 0.16564796563471423, 0.06755627813343722]
average_decoding_attempt = [1.0, 1.0, 1.0]
everyCriticalBit (snr=1.0)
	path-0 , [0.38316667 0.57933333 0.67646667 0.7247     0.7496     0.79186667
 0.81046667 0.8218     0.82633333 0.83393333 0.83783333 0.83943333
 0.8409     0.84186667 0.84223333 0.85936667 0.86756667 0.87236667
 0.87333333 0.8777    ]
	path-1 , [0.38936667 0.58516667 0.67943333 0.7259     0.75103333 0.79346667
 0.81313333 0.82443333 0.82873333 0.8363     0.84023333 0.84223333
 0.84373333 0.84463333 0.84493333 0.86126667 0.86983333 0.87463333
 0.8757     0.88003333]
	path-2 , [0.3852     0.58113333 0.67783333 0.7236     0.74783333 0.7923
 0.81286667 0.82466667 0.8286     0.83653333 0.83976667 0.84183333
 0.84346667 0.8442     0.84456667 0.86276667 0.87193333 0.8767
 0.87806667 0.88233333]
	path-3 , [0.38816667 0.5839     0.68013333 0.72816667 0.7528     0.79496667
 0.814      0.82526667 0.82983333 0.8382     0.84206667 0.8439
 0.845      0.84596667 0.84626667 0.8627     0.87076667 0.87566667
 0.87733333 0.88236667]
	path-4 , [0.38406667 0.58173333 0.6784     0.7237     0.74913333 0.79316667
 0.81343333 0.82556667 0.82963333 0.8376     0.8418     0.84396667
 0.8457     0.84666667 0.8471     0.86463333 0.87286667 0.87816667
 0.8797     0.88483333]
	path-5 , [0.38666667 0.58226667 0.67863333 0.72616667 0.75163333 0.7948
 0.81343333 0.82553333 0.82983333 0.83783333 0.84166667 0.84333333
 0.8446     0.8457     0.84606667 0.8636     0.8727     0.87783333
 0.87933333 0.88413333]
	path-6 , [0.38683333 0.58316667 0.6807     0.7282     0.7524     0.7962
 0.81496667 0.8265     0.8306     0.8382     0.8426     0.8444
 0.846      0.84693333 0.84736667 0.8647     0.8737     0.8795
 0.88086667 0.8854    ]
	path-7 , [0.39016667 0.58556667 0.68346667 0.73083333 0.75513333 0.79703333
 0.8161     0.82776667 0.83176667 0.83943333 0.8433     0.84506667
 0.84653333 0.8473     0.8477     0.86536667 0.87516667 0.88056667
 0.8825     0.887     ]
path_index = 0
	ranking_index = [15, 23, 27, 29, 39, 30, 84, 43, 71, 97, 45, 88, 75, 51, 98, 77, 46, 83, 53, 100]
	ranking_prob = [0.41099073974757766, 0.21041152704780292, 0.10418677821874218, 0.05173585040580643, 0.045335907611999, 0.026708141156280167, 0.020772998677106795, 0.019950659658908076, 0.01837748936322357, 0.014444563624012299, 0.012156315921198469, 0.00904572920018592, 0.008795452107690657, 0.008151882441274268, 0.006972004719510887, 0.005148557331331117, 0.004862526368479388, 0.004683757016697057, 0.004183202831706532, 0.003003325109943151]
path_index = 1
	ranking_index = [15, 23, 27, 29, 39, 30, 43, 84, 71, 97, 45, 75, 88, 51, 98, 77, 83, 46, 53, 100]
	ranking_prob = [0.41764095963388037, 0.2100182344738818, 0.1011119453680861, 0.049840895276913724, 0.04551467696378133, 0.02695841824877543, 0.02109478351031499, 0.01962887482569988, 0.017519396474668384, 0.01297865493939719, 0.012120562050842004, 0.009188744681611785, 0.008616682755908328, 0.008116128570917801, 0.006542958275233294, 0.005148557331331117, 0.004648003146340591, 0.004612249275984125, 0.004218956702062998, 0.0031105867210125494]
path_index = 2
	ranking_index = [15, 23, 27, 29, 39, 30, 43, 84, 71, 45, 97, 75, 88, 51, 77, 98, 83, 46, 53, 100]
	ranking_prob = [0.4131717258393221, 0.21016124995530766, 0.10372197790410811, 0.04909006399942794, 0.047695663055525764, 0.025993063749150846, 0.022060138009939577, 0.020522721584611534, 0.019521613214630484, 0.012656870106188996, 0.010833422718009224, 0.009832314348028174, 0.008795452107690657, 0.008509421144838929, 0.005112803460974651, 0.0049697879795487865, 0.004576495405627659, 0.004218956702062998, 0.0034681254245772105, 0.002967571239586685]
path_index = 3
	ranking_index = [15, 23, 27, 29, 39, 30, 84, 43, 71, 45, 97, 51, 75, 88, 98, 83, 77, 46, 53, 100]
	ranking_prob = [0.41635382030104756, 0.20994672673316886, 0.10322142371911759, 0.051521327183667635, 0.0452286460009296, 0.02642211019342844, 0.020916014158532663, 0.020415459973542136, 0.01762665808573778, 0.012084808180485537, 0.01086917658836569, 0.008974221459472988, 0.008652436626264793, 0.008473667274482463, 0.006364188923450964, 0.005398834423826379, 0.005255818942400515, 0.004898280238835854, 0.004147448961350066, 0.0026457864063784906]
path_index = 4
	ranking_index = [15, 23, 27, 29, 39, 30, 43, 84, 71, 45, 97, 88, 75, 51, 77, 83, 98, 53, 46, 100]
	ranking_prob = [0.41195609424720225, 0.21202045121384389, 0.10368622403375165, 0.048589509814437416, 0.0472308627408917, 0.027280203081983624, 0.02173835317673138, 0.019664628696056348, 0.018806535807501162, 0.013014408809753656, 0.010118345310879902, 0.008902713718760056, 0.008831205978047124, 0.008545175015195396, 0.005684865386678108, 0.0055060960348957775, 0.005112803460974651, 0.004504987664914727, 0.0043619721834888625, 0.0025385247953090924]
path_index = 5
	ranking_index = [15, 23, 27, 29, 39, 30, 84, 43, 71, 45, 97, 75, 88, 51, 77, 98, 83, 46, 53, 100]
	ranking_prob = [0.4147448961350066, 0.209803711251743, 0.10336443920054346, 0.05098501912832064, 0.04630126211162358, 0.02731595695234009, 0.020129429010690408, 0.019986413529264543, 0.018806535807501162, 0.01297865493939719, 0.010368622403375166, 0.009760806607315242, 0.008652436626264793, 0.00858092888555186, 0.0055060960348957775, 0.005363080553469913, 0.005148557331331117, 0.004612249275984125, 0.0041116950909936, 0.0025742786656655584]
path_index = 6
	ranking_index = [15, 23, 27, 29, 39, 30, 43, 84, 71, 45, 97, 75, 88, 51, 77, 98, 83, 53, 46, 100]
	ranking_prob = [0.41492366548678894, 0.21059029639958526, 0.10461582466301977, 0.05094926525796417, 0.04698058564839644, 0.02595730987879438, 0.020129429010690408, 0.019414351603561086, 0.018592012585362364, 0.012370839143337265, 0.009725052736958777, 0.009653544996245843, 0.009331760163037649, 0.008151882441274268, 0.006221173442025099, 0.005291572812756981, 0.004862526368479388, 0.004719510887053523, 0.004397726053845329, 0.0022524938324573634]
path_index = 7
	ranking_index = [15, 23, 27, 29, 39, 30, 43, 84, 71, 45, 75, 97, 51, 88, 77, 98, 83, 46, 53, 100]
	ranking_prob = [0.4184990525224356, 0.20958918802960422, 0.1050091172369409, 0.05080624977653831, 0.04494261503807787, 0.026064571489863776, 0.020451213843898603, 0.019414351603561086, 0.018949551288927027, 0.012513854624763131, 0.01051163788480103, 0.009296006292681182, 0.0082233901819872, 0.007651328256283743, 0.005792126997747506, 0.0049340341091923205, 0.004826772498122921, 0.00429046444277593, 0.004147448961350066, 0.002431263184239694]
everyCriticalBit (snr=1.5)
	path-0 , [0.3896     0.58623333 0.67986667 0.72843333 0.75286667 0.79543333
 0.8146     0.82726667 0.8317     0.83853333 0.84186667 0.8437
 0.8451     0.84563333 0.84606667 0.86036667 0.86783333 0.8727
 0.87403333 0.8783    ]
	path-1 , [0.38896667 0.5864     0.68253333 0.73103333 0.7565     0.7989
 0.81636667 0.82853333 0.83273333 0.83986667 0.8436     0.84516667
 0.84663333 0.84723333 0.84776667 0.86263333 0.87013333 0.87473333
 0.87623333 0.8803    ]
	path-2 , [0.38823333 0.5891     0.6852     0.7309     0.75623333 0.79843333
 0.81763333 0.82986667 0.83393333 0.8411     0.84466667 0.84616667
 0.84753333 0.8482     0.84873333 0.86376667 0.8712     0.87603333
 0.8775     0.88243333]
	path-3 , [0.38986667 0.588      0.68466667 0.7325     0.7578     0.80026667
 0.81923333 0.83       0.83416667 0.8412     0.84493333 0.84646667
 0.8478     0.8483     0.84886667 0.86346667 0.8714     0.87686667
 0.87826667 0.88233333]
	path-4 , [0.3889     0.5871     0.6845     0.73186667 0.75733333 0.79836667
 0.81703333 0.8286     0.83343333 0.84043333 0.84406667 0.8455
 0.8468     0.84733333 0.8478     0.86426667 0.8729     0.87813333
 0.8795     0.8844    ]
	path-5 , [0.3921     0.5928     0.68573333 0.73243333 0.7574     0.79993333
 0.8187     0.83063333 0.83506667 0.84206667 0.84563333 0.8472
 0.8487     0.8492     0.84966667 0.86536667 0.8733     0.87863333
 0.8801     0.8844    ]
	path-6 , [0.39136667 0.58983333 0.68543333 0.733      0.7576     0.80073333
 0.82026667 0.8321     0.83693333 0.8445     0.848      0.8493
 0.85073333 0.85146667 0.85193333 0.8673     0.8754     0.8806
 0.8818     0.88623333]
	path-7 , [0.3902     0.5889     0.68543333 0.7344     0.75903333 0.8012
 0.81946667 0.83136667 0.83566667 0.84246667 0.84633333 0.84793333
 0.84966667 0.85033333 0.8508     0.86696667 0.87476667 0.87983333
 0.88136667 0.88603333]
path_index = 0
	ranking_index = [15, 23, 27, 29, 39, 30, 43, 84, 71, 97, 45, 88, 75, 51, 98, 77, 46, 83, 53, 100]
	ranking_prob = [0.41751803957990996, 0.21072372651282417, 0.10034293062799171, 0.05204686718582553, 0.04561691791098092, 0.02618418232478388, 0.020540115739086946, 0.02046867185825534, 0.015324712438379653, 0.014145888404658141, 0.013574337358005287, 0.008894763163535043, 0.008001714653139959, 0.007322997785239694, 0.006894334500250053, 0.0052154033007072945, 0.004751018075301851, 0.004572408373222834, 0.0035721940415803385, 0.002964921054511681]
path_index = 1
	ranking_index = [15, 23, 27, 29, 39, 30, 84, 43, 71, 45, 97, 88, 75, 51, 98, 77, 46, 83, 53, 100]
	ranking_prob = [0.41683932271200974, 0.21158105308280345, 0.10302207615917697, 0.051975423304993926, 0.045438308208901906, 0.027291562477673788, 0.02089733514324498, 0.018718296777880974, 0.01593198542544831, 0.013038508251768235, 0.012252625562620561, 0.009323426448524684, 0.008037436593555762, 0.007644495248981925, 0.006608558976923627, 0.004929627777380867, 0.004500964492391226, 0.0043580767307280135, 0.004000857326569979, 0.0028934771736800744]
path_index = 2
	ranking_index = [15, 23, 27, 29, 39, 30, 43, 84, 71, 45, 97, 88, 75, 51, 98, 83, 77, 46, 53, 100]
	ranking_prob = [0.41605344002286204, 0.2152604129456312, 0.10298635421876116, 0.04897478031006644, 0.04522397656640709, 0.027148674716010575, 0.020575837679502752, 0.02046867185825534, 0.016110595127527327, 0.013109952132599844, 0.010895191826820033, 0.009144816746445667, 0.007965992712724156, 0.007680217189397728, 0.006394227334428806, 0.005286847181538901, 0.005179681360291491, 0.0043580767307280135, 0.0038222476244909624, 0.0029291991140958777]
path_index = 3
	ranking_index = [15, 23, 27, 29, 39, 30, 84, 43, 71, 45, 97, 88, 75, 51, 77, 98, 46, 83, 53, 100]
	ranking_prob = [0.4178038151032364, 0.21233121383153533, 0.10359362720582982, 0.05126098449667786, 0.04550975208973351, 0.02711295277559477, 0.022219046938629708, 0.020325784096592126, 0.015646209902121882, 0.011538186754304494, 0.01096663570765164, 0.008894763163535043, 0.008501821818961206, 0.007537329427734514, 0.005858398228191755, 0.0053940130027863116, 0.004465242551975423, 0.0043580767307280135, 0.004000857326569979, 0.0027148674716010574]
path_index = 4
	ranking_index = [15, 23, 27, 29, 39, 30, 84, 43, 71, 45, 97, 75, 88, 51, 77, 83, 46, 98, 53, 100]
	ranking_prob = [0.4167678788311781, 0.21240265771236694, 0.10437950989497749, 0.05076087733085661, 0.04397370865185397, 0.027291562477673788, 0.020540115739086946, 0.020004286632849897, 0.017646638565406873, 0.012395513324283776, 0.010788026005572623, 0.009251982567693077, 0.008537543759377009, 0.007501607487318711, 0.005608344645281132, 0.005251125241123098, 0.005179681360291491, 0.005001071658212474, 0.0038936915053225693, 0.0027863113524326643]
path_index = 5
	ranking_index = [15, 23, 27, 29, 39, 30, 84, 43, 71, 45, 97, 88, 75, 51, 77, 98, 46, 83, 53, 100]
	ranking_prob = [0.4201971851110952, 0.2150818032435522, 0.09959276987925984, 0.050046438522540544, 0.04558119597056512, 0.026755733371436736, 0.02089733514324498, 0.020111452454097307, 0.016825033935843395, 0.012788454668857613, 0.010573694363077802, 0.009001928984782453, 0.008501821818961206, 0.007501607487318711, 0.0057155104665285415, 0.004965349717796671, 0.004751018075301851, 0.004608130313638637, 0.0038222476244909624, 0.002286204186611417]
path_index = 6
	ranking_index = [15, 23, 27, 29, 39, 30, 43, 84, 71, 45, 97, 88, 75, 51, 77, 98, 46, 83, 53, 100]
	ranking_prob = [0.4194113024219476, 0.21268843323569336, 0.10245052511252412, 0.050975208973351435, 0.046224190898049584, 0.0263627920268629, 0.020933057083660785, 0.019432735586197042, 0.01646781453168536, 0.012681288847610201, 0.009644923912266914, 0.009251982567693077, 0.008680431521040224, 0.008108880474387369, 0.005572622704865329, 0.0053940130027863116, 0.005179681360291491, 0.004751018075301851, 0.0037508037436593555, 0.00221476030577981]
path_index = 7
	ranking_index = [15, 23, 27, 29, 39, 30, 84, 43, 71, 45, 97, 88, 75, 51, 77, 83, 46, 98, 53, 100]
	ranking_prob = [0.41816103450739445, 0.212938486818604, 0.1034507394441666, 0.05247553047081518, 0.045188254625991284, 0.026398513967278704, 0.020004286632849897, 0.019575623347860255, 0.01732514110166464, 0.01275273272844181, 0.010002143316424949, 0.008501821818961206, 0.008358934057297993, 0.007287275844823891, 0.005429734943202115, 0.005001071658212474, 0.004608130313638637, 0.004322354790312209, 0.004143745088233193, 0.0026077016503536473]
everyCriticalBit (snr=2.0)
	path-0 , [0.39696667 0.59873333 0.697      0.74546667 0.7709     0.81306667
 0.83056667 0.84076667 0.8447     0.84963333 0.85236667 0.85343333
 0.85436667 0.85486667 0.85523333 0.86596667 0.87176667 0.87546667
 0.87626667 0.87933333]
	path-1 , [0.39616667 0.5999     0.69643333 0.74566667 0.7695     0.813
 0.8307     0.8405     0.84423333 0.84983333 0.85276667 0.8539
 0.85483333 0.8554     0.85576667 0.8674     0.8728     0.87653333
 0.8773     0.88076667]
	path-2 , [0.39253333 0.599      0.69603333 0.7432     0.76833333 0.8114
 0.8293     0.8402     0.8441     0.85023333 0.85306667 0.85423333
 0.85526667 0.8557     0.85593333 0.86873333 0.8745     0.87806667
 0.87896667 0.88236667]
	path-3 , [0.40093333 0.60296667 0.70226667 0.7483     0.77313333 0.8154
 0.83256667 0.84266667 0.8462     0.8519     0.85466667 0.85583333
 0.85676667 0.85716667 0.8574     0.86846667 0.8751     0.8788
 0.87943333 0.8826    ]
	path-4 , [0.39863333 0.602      0.70066667 0.74823333 0.77263333 0.8139
 0.8317     0.8419     0.84566667 0.8512     0.85426667 0.8556
 0.85666667 0.8572     0.8575     0.8706     0.8762     0.87976667
 0.88046667 0.88393333]
	path-5 , [0.3992     0.6025     0.69943333 0.74803333 0.77233333 0.8131
 0.8311     0.8417     0.8451     0.85096667 0.85406667 0.8554
 0.85656667 0.85713333 0.85763333 0.86983333 0.87646667 0.88046667
 0.88143333 0.88473333]
	path-6 , [0.39823333 0.60156667 0.69923333 0.7468     0.77246667 0.81416667
 0.83216667 0.84243333 0.84596667 0.85206667 0.855      0.8564
 0.85736667 0.85803333 0.85826667 0.8703     0.8767     0.88056667
 0.88163333 0.88516667]
	path-7 , [0.39563333 0.60233333 0.70083333 0.74766667 0.77283333 0.8148
 0.8322     0.84206667 0.84586667 0.85166667 0.8547     0.85596667
 0.8573     0.8579     0.8582     0.8704     0.87713333 0.88096667
 0.882      0.88563333]
path_index = 0
	ranking_index = [15, 23, 27, 29, 39, 30, 84, 43, 97, 71, 45, 88, 98, 75, 51, 46, 77, 83, 100, 53]
	ranking_prob = [0.42583851820067226, 0.2164413931202174, 0.10541371665593935, 0.05199170421225774, 0.045233497818779944, 0.027283129514410354, 0.019738253593649432, 0.018772795537438318, 0.013373381963813201, 0.011513981262962169, 0.01094185797039262, 0.009547307444754344, 0.0070442680397625685, 0.006221840806693842, 0.005292140456268326, 0.004219409282700422, 0.0039691053422012445, 0.0032897089322749054, 0.0032181935207037118, 0.002932131874418937]
path_index = 1
	ranking_index = [15, 23, 27, 29, 39, 30, 84, 43, 71, 97, 45, 88, 98, 51, 75, 46, 77, 83, 53, 100]
	ranking_prob = [0.42498033326181794, 0.21855109776156761, 0.10355431595508832, 0.05281413144532647, 0.04666380605020382, 0.02556675963670171, 0.01977401129943503, 0.0189873417721519, 0.012479439319173282, 0.0122648930844597, 0.010512765500965459, 0.009618822856325537, 0.006615175570335407, 0.006007294571980262, 0.005792748337266681, 0.004004863047986841, 0.004004863047986841, 0.003718801401702067, 0.003146678109132518, 0.0027533433454909532]
path_index = 2
	ranking_index = [15, 23, 27, 29, 39, 30, 84, 43, 71, 45, 97, 88, 51, 98, 75, 46, 77, 83, 53, 100]
	ranking_prob = [0.4210827433311879, 0.22148322963598654, 0.10409068154187227, 0.05059715368661947, 0.04619895587499106, 0.026961310162339984, 0.019380676535793465, 0.01920188800686548, 0.013730959021669169, 0.011692769791890153, 0.01137095043981978, 0.008581849388543231, 0.006579417864549811, 0.0064363870414074235, 0.0061860831009082455, 0.004183651576914825, 0.003826074519058857, 0.0036472859901308732, 0.003039404991775728, 0.002932131874418937]
path_index = 3
	ranking_index = [15, 23, 27, 29, 39, 30, 84, 43, 71, 97, 45, 88, 75, 51, 98, 77, 46, 100, 83, 53]
	ranking_prob = [0.43009368518915825, 0.21672745476650218, 0.10652220553529286, 0.049381391689909175, 0.04534077093613674, 0.026639490810269614, 0.01905885718372309, 0.01841521847958235, 0.011871558320818137, 0.011871558320818137, 0.010834584853035829, 0.008867911034828006, 0.0071157834513337626, 0.006114567689337052, 0.005864263748837874, 0.0039691053422012445, 0.0037903168132732605, 0.003504255166988486, 0.0033969820496316957, 0.002967889580204534]
path_index = 4
	ranking_index = [15, 23, 27, 29, 39, 30, 84, 43, 71, 45, 97, 88, 75, 51, 98, 46, 77, 83, 53, 100]
	ranking_prob = [0.42762640348995207, 0.21815776299792605, 0.10584280912536652, 0.05102624615604663, 0.04426803976256884, 0.026174640635056853, 0.019344918830007867, 0.01909461488950869, 0.014052778373739541, 0.01094185797039262, 0.010834584853035829, 0.009869126796824716, 0.006007294571980262, 0.005935779160409068, 0.005113351927340342, 0.004040620753772438, 0.003826074519058857, 0.003718801401702067, 0.0032897089322749054, 0.0025745548165629693]
path_index = 5
	ranking_index = [15, 23, 27, 29, 39, 30, 43, 84, 71, 97, 45, 88, 75, 51, 98, 77, 46, 83, 53, 100]
	ranking_prob = [0.42823428448830725, 0.21808624758635486, 0.10398340842451548, 0.05213473503540013, 0.043731674175784885, 0.026067367517700064, 0.01930916112422227, 0.017557033540728028, 0.013087320317528427, 0.011442465851390974, 0.01137095043981978, 0.010083673031538296, 0.0071157834513337626, 0.006293356218265036, 0.005113351927340342, 0.004290924694271616, 0.0036472859901308732, 0.003540012872774083, 0.003325466638060502, 0.0023242508760637918]
path_index = 6
	ranking_index = [15, 23, 27, 29, 39, 30, 84, 43, 71, 45, 97, 88, 75, 51, 98, 77, 46, 83, 53, 100]
	ranking_prob = [0.42719731102052494, 0.21812200529214046, 0.10477007795179862, 0.05102624615604663, 0.04473288993778159, 0.027533433454909533, 0.019666738182078237, 0.01930916112422227, 0.012908531788600443, 0.011013373381963813, 0.01015518844310949, 0.008295787742258457, 0.0068654795108345846, 0.006543660158764213, 0.00568547521990989, 0.004147893871129228, 0.0037903168132732605, 0.0037903168132732605, 0.003146678109132518, 0.0026818279339197596]
path_index = 7
	ranking_index = [15, 23, 27, 29, 39, 30, 43, 84, 71, 97, 45, 88, 75, 51, 98, 77, 46, 83, 53, 100]
	ranking_prob = [0.4244082099692484, 0.22173353357648573, 0.10566402059643853, 0.0502395766287635, 0.045018951584066366, 0.02699706786812558, 0.01866552242008153, 0.01862976471429593, 0.013087320317528427, 0.010727311735679038, 0.010584280912536652, 0.008760637917471215, 0.007223056568690552, 0.006221840806693842, 0.005041836515769148, 0.004112136165343632, 0.004076378459558035, 0.003897589930630051, 0.0032539512264893084, 0.0022169777587070015]