PAC(128-71)
L = 1
T = 10  Error Count = 20000
Rate-profile = rm-polar
design SNR = 3
Convolution poly = , [1 0 1 1 0 1 1]
CRC index = [15, 31, 47, 63, 79, 95, 111, 127] , CRC = 0 bits
Frozen-check = , [84, 88, 97, 98, 100, 104, 112] , Frozen-check = 7 bits
Mismatch = [84, 88, 97, 98, 100, 104, 112] , Mismatch-length = 0 , Mismatch-first = False
Enabling-Criterion =, FrozenCheck
Running : AccuracyforFlipEveryPath , 
Decoding starting Time : 2025-08-29 20-55-30
Running Time : 21 min


SNR = [1.0, 1.5, 2.0, 2.5]
FER = [0.7438910997880016, 0.6019864559819413, 0.42937186037525227, 0.2716124826855699]
average_decoding_attempt = [1.0, 1.0, 1.0, 1.0]
alpha0.1_beta0.1 (snr=1.0)
	path-0 , [0.3969  0.58975 0.6844  0.7408  0.78685 0.8246  0.85015 0.86295 0.87145
 0.8773 ]
alpha0.1_beta0.2 (snr=1.0)
	path-0 , [0.39655 0.58985 0.68415 0.7414  0.7878  0.8247  0.85    0.86295 0.8712
 0.8774 ]
alpha0.1_beta0.30000000000000004 (snr=1.0)
	path-0 , [0.39575 0.58995 0.68405 0.74215 0.7888  0.825   0.8498  0.8627  0.8711
 0.8775 ]
alpha0.1_beta0.4 (snr=1.0)
	path-0 , [0.39565 0.5895  0.68375 0.74265 0.7896  0.825   0.84955 0.8623  0.871
 0.87745]
alpha0.1_beta0.5 (snr=1.0)
	path-0 , [0.3955  0.58935 0.6835  0.7431  0.79045 0.82515 0.8495  0.86225 0.87075
 0.87755]
alpha0.1_beta0.6 (snr=1.0)
	path-0 , [0.39495 0.58945 0.68335 0.7437  0.7911  0.82515 0.84925 0.86215 0.8707
 0.87755]
alpha0.1_beta0.7000000000000001 (snr=1.0)
	path-0 , [0.39475 0.5891  0.6834  0.74485 0.79215 0.82515 0.8489  0.8618  0.87085
 0.8776 ]
alpha0.1_beta0.8 (snr=1.0)
	path-0 , [0.3945  0.58925 0.6835  0.74545 0.79285 0.8253  0.84835 0.8615  0.87075
 0.87755]
alpha0.1_beta0.9 (snr=1.0)
	path-0 , [0.39415 0.58915 0.6834  0.74645 0.7936  0.82545 0.84825 0.8614  0.8707
 0.8777 ]
alpha0.2_beta0.1 (snr=1.0)
	path-0 , [0.4154  0.61535 0.7251  0.7889  0.8314  0.8594  0.8818  0.8995  0.9129
 0.9229 ]
alpha0.2_beta0.2 (snr=1.0)
	path-0 , [0.41435 0.61535 0.7246  0.78945 0.8313  0.85895 0.88175 0.8995  0.9128
 0.92295]
alpha0.2_beta0.30000000000000004 (snr=1.0)
	path-0 , [0.4149  0.6149  0.72415 0.7903  0.8316  0.85935 0.88195 0.8995  0.9127
 0.92305]
alpha0.2_beta0.4 (snr=1.0)
	path-0 , [0.41385 0.61405 0.7235  0.7903  0.8318  0.8598  0.8816  0.8996  0.9125
 0.9228 ]
alpha0.2_beta0.5 (snr=1.0)
	path-0 , [0.41405 0.6142  0.72375 0.791   0.83175 0.86    0.8813  0.89955 0.91235
 0.92245]
alpha0.2_beta0.6 (snr=1.0)
	path-0 , [0.41225 0.61355 0.7229  0.79055 0.83195 0.86    0.8806  0.89905 0.91165
 0.92225]
alpha0.2_beta0.7000000000000001 (snr=1.0)
	path-0 , [0.4112  0.6121  0.7218  0.79005 0.83195 0.86    0.88045 0.89875 0.9112
 0.9217 ]
alpha0.2_beta0.8 (snr=1.0)
	path-0 , [0.4102  0.6117  0.72165 0.79    0.83175 0.8598  0.88005 0.8986  0.911
 0.9213 ]
alpha0.2_beta0.9 (snr=1.0)
	path-0 , [0.4084  0.6104  0.7215  0.78985 0.83175 0.85935 0.8798  0.8979  0.911
 0.9209 ]
alpha0.30000000000000004_beta0.1 (snr=1.0)
	path-0 , [0.41785 0.62645 0.74905 0.8207  0.86765 0.8989  0.91985 0.93565 0.94785
 0.95795]
alpha0.30000000000000004_beta0.2 (snr=1.0)
	path-0 , [0.4189  0.6277  0.749   0.8207  0.8671  0.89935 0.9193  0.9356  0.94785
 0.95755]
alpha0.30000000000000004_beta0.30000000000000004 (snr=1.0)
	path-0 , [0.41935 0.628   0.7492  0.81995 0.8676  0.89875 0.91905 0.93515 0.94705
 0.95685]
alpha0.30000000000000004_beta0.4 (snr=1.0)
	path-0 , [0.41915 0.6282  0.7488  0.8199  0.86685 0.8983  0.91885 0.9345  0.9469
 0.9567 ]
alpha0.30000000000000004_beta0.5 (snr=1.0)
	path-0 , [0.41815 0.62765 0.7482  0.81895 0.867   0.89765 0.9183  0.9334  0.94675
 0.95625]
alpha0.30000000000000004_beta0.6 (snr=1.0)
	path-0 , [0.41705 0.6272  0.74675 0.8183  0.86575 0.89695 0.91745 0.9327  0.94625
 0.95575]
alpha0.30000000000000004_beta0.7000000000000001 (snr=1.0)
	path-0 , [0.41525 0.62535 0.74585 0.81645 0.8647  0.8964  0.91655 0.9322  0.9458
 0.95535]
alpha0.30000000000000004_beta0.8 (snr=1.0)
	path-0 , [0.41315 0.6239  0.7433  0.8143  0.8633  0.89485 0.916   0.93145 0.94525
 0.9549 ]
alpha0.30000000000000004_beta0.9 (snr=1.0)
	path-0 , [0.41035 0.6225  0.74115 0.81255 0.8621  0.89415 0.9154  0.931   0.94465
 0.9543 ]
alpha0.4_beta0.1 (snr=1.0)
	path-0 , [0.40815 0.62015 0.74975 0.8282  0.8795  0.913   0.93545 0.95025 0.9616
 0.9696 ]
alpha0.4_beta0.2 (snr=1.0)
	path-0 , [0.41135 0.6233  0.7513  0.82925 0.8803  0.9131  0.93575 0.95025 0.9614
 0.96965]
alpha0.4_beta0.30000000000000004 (snr=1.0)
	path-0 , [0.41335 0.6257  0.7515  0.82895 0.87975 0.91235 0.93525 0.9497  0.9617
 0.9697 ]
alpha0.4_beta0.4 (snr=1.0)
	path-0 , [0.41425 0.62675 0.75245 0.8287  0.8788  0.91235 0.93445 0.9494  0.9614
 0.9691 ]
alpha0.4_beta0.5 (snr=1.0)
	path-0 , [0.41455 0.6267  0.75115 0.82855 0.8784  0.9119  0.93375 0.94875 0.9612
 0.96865]
alpha0.4_beta0.6 (snr=1.0)
	path-0 , [0.41285 0.6249  0.74995 0.82765 0.87725 0.9112  0.9329  0.9484  0.9608
 0.9685 ]
alpha0.4_beta0.7000000000000001 (snr=1.0)
	path-0 , [0.4095  0.62325 0.74725 0.82585 0.87505 0.9096  0.9319  0.94765 0.9599
 0.96845]
alpha0.4_beta0.8 (snr=1.0)
	path-0 , [0.4062  0.6199  0.74415 0.82295 0.8733  0.90815 0.9309  0.9472  0.9595
 0.9679 ]
alpha0.4_beta0.9 (snr=1.0)
	path-0 , [0.40295 0.61635 0.74085 0.82085 0.87175 0.90645 0.92965 0.94615 0.95865
 0.96745]
alpha0.5_beta0.1 (snr=1.0)
	path-0 , [0.39315 0.60325 0.73255 0.81285 0.8655  0.90415 0.92815 0.9471  0.96055
 0.96825]
alpha0.5_beta0.2 (snr=1.0)
	path-0 , [0.39845 0.60635 0.73565 0.81625 0.86765 0.9052  0.9296  0.9481  0.9608
 0.96825]
alpha0.5_beta0.30000000000000004 (snr=1.0)
	path-0 , [0.40205 0.6112  0.73865 0.81725 0.8689  0.9068  0.9307  0.9488  0.9614
 0.96875]
alpha0.5_beta0.4 (snr=1.0)
	path-0 , [0.40255 0.61265 0.73945 0.8172  0.869   0.9063  0.93085 0.9487  0.9614
 0.9688 ]
alpha0.5_beta0.5 (snr=1.0)
	path-0 , [0.4013  0.61175 0.74    0.81835 0.86945 0.9064  0.9308  0.9485  0.9612
 0.96865]
alpha0.5_beta0.6 (snr=1.0)
	path-0 , [0.4003  0.6111  0.7387  0.81715 0.8698  0.906   0.92985 0.9477  0.96055
 0.969  ]
alpha0.5_beta0.7000000000000001 (snr=1.0)
	path-0 , [0.39855 0.6081  0.73555 0.8169  0.86845 0.9052  0.92975 0.94765 0.9603
 0.9691 ]
alpha0.5_beta0.8 (snr=1.0)
	path-0 , [0.394   0.6044  0.73235 0.814   0.86585 0.90405 0.92845 0.9466  0.9599
 0.9691 ]
alpha0.5_beta0.9 (snr=1.0)
	path-0 , [0.38935 0.6002  0.7281  0.8117  0.8631  0.90215 0.92725 0.94545 0.95945
 0.9687 ]
alpha0.6_beta0.1 (snr=1.0)
	path-0 , [0.37615 0.57715 0.7026  0.78335 0.8403  0.8838  0.9125  0.93285 0.94795
 0.9593 ]
alpha0.6_beta0.2 (snr=1.0)
	path-0 , [0.38315 0.5838  0.70925 0.7898  0.84435 0.8864  0.91575 0.9352  0.94985
 0.96115]
alpha0.6_beta0.30000000000000004 (snr=1.0)
	path-0 , [0.3868  0.58995 0.7136  0.7926  0.8484  0.88805 0.9179  0.93685 0.9515
 0.96245]
alpha0.6_beta0.4 (snr=1.0)
	path-0 , [0.3886  0.59245 0.717   0.7942  0.85055 0.88945 0.91905 0.938   0.9516
 0.9632 ]
alpha0.6_beta0.5 (snr=1.0)
	path-0 , [0.3887  0.5931  0.7183  0.7969  0.85135 0.8905  0.9201  0.93875 0.95215
 0.96335]
alpha0.6_beta0.6 (snr=1.0)
	path-0 , [0.3871  0.5938  0.7189  0.797   0.8512  0.89145 0.9207  0.9397  0.9528
 0.9635 ]
alpha0.6_beta0.7000000000000001 (snr=1.0)
	path-0 , [0.383   0.5901  0.7174  0.79815 0.85085 0.892   0.92035 0.94035 0.95315
 0.9636 ]
alpha0.6_beta0.8 (snr=1.0)
	path-0 , [0.3787  0.5869  0.7154  0.7955  0.84915 0.89035 0.92065 0.94015 0.95345
 0.96315]
alpha0.6_beta0.9 (snr=1.0)
	path-0 , [0.3729  0.58265 0.71295 0.7931  0.8472  0.8897  0.9197  0.9399  0.95315
 0.9628 ]
alpha0.7000000000000001_beta0.1 (snr=1.0)
	path-0 , [0.3582  0.55055 0.6743  0.7547  0.81145 0.85705 0.8899  0.9137  0.9311
 0.94525]
alpha0.7000000000000001_beta0.2 (snr=1.0)
	path-0 , [0.3656  0.55985 0.6821  0.76185 0.81915 0.863   0.8942  0.91765 0.93465
 0.9486 ]
alpha0.7000000000000001_beta0.30000000000000004 (snr=1.0)
	path-0 , [0.37085 0.56605 0.68875 0.7675  0.82425 0.8646  0.89785 0.92105 0.9372
 0.95055]
alpha0.7000000000000001_beta0.4 (snr=1.0)
	path-0 , [0.3734  0.57145 0.6926  0.77115 0.8278  0.86715 0.9015  0.9234  0.93805
 0.9519 ]
alpha0.7000000000000001_beta0.5 (snr=1.0)
	path-0 , [0.37365 0.5746  0.69535 0.77465 0.83    0.8697  0.9029  0.9251  0.9402
 0.95355]
alpha0.7000000000000001_beta0.6 (snr=1.0)
	path-0 , [0.37125 0.574   0.6974  0.77755 0.83195 0.8714  0.90455 0.9268  0.9414
 0.95385]
alpha0.7000000000000001_beta0.7000000000000001 (snr=1.0)
	path-0 , [0.36735 0.57175 0.69715 0.77755 0.8332  0.8723  0.90535 0.9267  0.94175
 0.954  ]
alpha0.7000000000000001_beta0.8 (snr=1.0)
	path-0 , [0.3633  0.5689  0.69265 0.77835 0.8323  0.8733  0.9058  0.9268  0.94255
 0.95455]
alpha0.7000000000000001_beta0.9 (snr=1.0)
	path-0 , [0.3559  0.56445 0.69055 0.77695 0.83095 0.87305 0.9058  0.9268  0.94265
 0.95505]
alpha0.8_beta0.1 (snr=1.0)
	path-0 , [0.33975 0.52635 0.6456  0.7262  0.784   0.82945 0.8652  0.8943  0.91515
 0.93115]
alpha0.8_beta0.2 (snr=1.0)
	path-0 , [0.3479  0.53575 0.65585 0.73755 0.79185 0.8374  0.87225 0.9005  0.91995
 0.9345 ]
alpha0.8_beta0.30000000000000004 (snr=1.0)
	path-0 , [0.3528  0.54455 0.66705 0.74475 0.8003  0.84345 0.87885 0.9048  0.9224
 0.9381 ]
alpha0.8_beta0.4 (snr=1.0)
	path-0 , [0.3569  0.55215 0.6715  0.7487  0.8054  0.8475  0.8822  0.90875 0.92505
 0.94   ]
alpha0.8_beta0.5 (snr=1.0)
	path-0 , [0.3564  0.55435 0.67485 0.75375 0.81015 0.85055 0.8847  0.9105  0.9274
 0.94235]
alpha0.8_beta0.6 (snr=1.0)
	path-0 , [0.35385 0.55525 0.67835 0.75685 0.8129  0.8543  0.88635 0.9122  0.92985
 0.9434 ]
alpha0.8_beta0.7000000000000001 (snr=1.0)
	path-0 , [0.35105 0.5517  0.67725 0.7581  0.81565 0.85695 0.88795 0.91415 0.9309
 0.94375]
alpha0.8_beta0.8 (snr=1.0)
	path-0 , [0.3459  0.55015 0.6756  0.7586  0.816   0.85825 0.8898  0.91455 0.93145
 0.9447 ]
alpha0.8_beta0.9 (snr=1.0)
	path-0 , [0.3413  0.54435 0.67215 0.759   0.81615 0.85855 0.89035 0.91475 0.93195
 0.9454 ]
alpha0.9_beta0.1 (snr=1.0)
	path-0 , [0.32295 0.5018  0.6179  0.7001  0.759   0.8062  0.84285 0.8741  0.89795
 0.91655]
alpha0.9_beta0.2 (snr=1.0)
	path-0 , [0.33165 0.51375 0.63    0.71075 0.76905 0.81575 0.85035 0.88175 0.90505
 0.9225 ]
alpha0.9_beta0.30000000000000004 (snr=1.0)
	path-0 , [0.3399  0.5206  0.64265 0.7199  0.78    0.8239  0.8588  0.8878  0.90865
 0.9258 ]
alpha0.9_beta0.4 (snr=1.0)
	path-0 , [0.34155 0.5283  0.65035 0.72845 0.78545 0.8306  0.8653  0.8912  0.9125
 0.9292 ]
alpha0.9_beta0.5 (snr=1.0)
	path-0 , [0.3426  0.53295 0.6554  0.7329  0.7916  0.8344  0.86995 0.8952  0.91545
 0.9307 ]
alpha0.9_beta0.6 (snr=1.0)
	path-0 , [0.3415  0.5356  0.658   0.73615 0.79535 0.83935 0.8727  0.89815 0.91725
 0.9342 ]
alpha0.9_beta0.7000000000000001 (snr=1.0)
	path-0 , [0.3367  0.53365 0.6605  0.74025 0.7981  0.84205 0.87605 0.89975 0.92
 0.93495]
alpha0.9_beta0.8 (snr=1.0)
	path-0 , [0.33375 0.5322  0.6586  0.7411  0.80115 0.84365 0.8767  0.90115 0.9213
 0.936  ]
alpha0.9_beta0.9 (snr=1.0)
	path-0 , [0.3292  0.5279  0.65785 0.74215 0.80195 0.8454  0.8778  0.90305 0.92155
 0.9371 ]
alpha0.1_beta0.1 (snr=1.5)
	path-0 , [0.4053  0.5961  0.6895  0.74615 0.78995 0.82105 0.8442  0.858   0.8643
 0.86975]
alpha0.1_beta0.2 (snr=1.5)
	path-0 , [0.4046  0.5959  0.68945 0.747   0.79065 0.82105 0.844   0.8578  0.86415
 0.8698 ]
alpha0.1_beta0.30000000000000004 (snr=1.5)
	path-0 , [0.40435 0.5957  0.6892  0.7479  0.7916  0.8211  0.8439  0.8577  0.8642
 0.8698 ]
alpha0.1_beta0.4 (snr=1.5)
	path-0 , [0.4037  0.59555 0.6893  0.7486  0.7923  0.8214  0.84375 0.8576  0.8641
 0.86965]
alpha0.1_beta0.5 (snr=1.5)
	path-0 , [0.4037  0.5956  0.6891  0.74945 0.79315 0.8216  0.84335 0.8573  0.864
 0.8694 ]
alpha0.1_beta0.6 (snr=1.5)
	path-0 , [0.4039  0.59545 0.68935 0.7504  0.79395 0.82165 0.8434  0.8569  0.86395
 0.8694 ]
alpha0.1_beta0.7000000000000001 (snr=1.5)
	path-0 , [0.4032  0.59525 0.68915 0.7511  0.79495 0.8216  0.84325 0.8568  0.86375
 0.86955]
alpha0.1_beta0.8 (snr=1.5)
	path-0 , [0.4026  0.59495 0.6893  0.75175 0.79565 0.82155 0.8429  0.85665 0.8638
 0.8695 ]
alpha0.1_beta0.9 (snr=1.5)
	path-0 , [0.40185 0.5947  0.68955 0.7525  0.7963  0.82175 0.84275 0.85645 0.8637
 0.8695 ]
alpha0.2_beta0.1 (snr=1.5)
	path-0 , [0.434   0.6326  0.74265 0.8053  0.84705 0.8734  0.8929  0.90915 0.9205
 0.93255]
alpha0.2_beta0.2 (snr=1.5)
	path-0 , [0.4334  0.63235 0.7423  0.80465 0.8469  0.8732  0.89245 0.90875 0.92
 0.93205]
alpha0.2_beta0.30000000000000004 (snr=1.5)
	path-0 , [0.43355 0.6318  0.74155 0.8046  0.8465  0.87275 0.89205 0.9085  0.91945
 0.9315 ]
alpha0.2_beta0.4 (snr=1.5)
	path-0 , [0.4318  0.63125 0.7413  0.80425 0.84655 0.8726  0.8914  0.9081  0.9187
 0.9307 ]
alpha0.2_beta0.5 (snr=1.5)
	path-0 , [0.4301  0.63035 0.74105 0.80405 0.8467  0.87175 0.8911  0.90705 0.9181
 0.93   ]
alpha0.2_beta0.6 (snr=1.5)
	path-0 , [0.42815 0.62875 0.7398  0.8031  0.8463  0.87115 0.89015 0.90635 0.9176
 0.9293 ]
alpha0.2_beta0.7000000000000001 (snr=1.5)
	path-0 , [0.42585 0.6277  0.73875 0.80265 0.84615 0.8707  0.8895  0.9058  0.91705
 0.92785]
alpha0.2_beta0.8 (snr=1.5)
	path-0 , [0.424   0.6264  0.73815 0.8018  0.8458  0.86985 0.8892  0.9052  0.9165
 0.92705]
alpha0.2_beta0.9 (snr=1.5)
	path-0 , [0.4219  0.62575 0.73635 0.8014  0.845   0.869   0.88855 0.904   0.9158
 0.9264 ]
alpha0.30000000000000004_beta0.1 (snr=1.5)
	path-0 , [0.4391  0.6542  0.77615 0.8473  0.893   0.9205  0.94095 0.95485 0.9642
 0.97065]
alpha0.30000000000000004_beta0.2 (snr=1.5)
	path-0 , [0.44245 0.65625 0.7758  0.84655 0.89355 0.9205  0.94065 0.9542  0.9639
 0.97025]
alpha0.30000000000000004_beta0.30000000000000004 (snr=1.5)
	path-0 , [0.44315 0.65615 0.77515 0.8457  0.8928  0.92025 0.93995 0.9536  0.96325
 0.96995]
alpha0.30000000000000004_beta0.4 (snr=1.5)
	path-0 , [0.44285 0.6549  0.7736  0.84545 0.8923  0.91935 0.9393  0.953   0.963
 0.96935]
alpha0.30000000000000004_beta0.5 (snr=1.5)
	path-0 , [0.4415  0.65255 0.77175 0.8435  0.89065 0.91865 0.9384  0.95245 0.96235
 0.96895]
alpha0.30000000000000004_beta0.6 (snr=1.5)
	path-0 , [0.4394  0.6509  0.769   0.84135 0.88975 0.91765 0.93735 0.9516  0.9616
 0.96855]
alpha0.30000000000000004_beta0.7000000000000001 (snr=1.5)
	path-0 , [0.43555 0.6477  0.7665  0.83855 0.88695 0.9167  0.93655 0.951   0.9611
 0.9681 ]
alpha0.30000000000000004_beta0.8 (snr=1.5)
	path-0 , [0.4314  0.6452  0.76375 0.8362  0.88545 0.91555 0.93565 0.94995 0.96055
 0.9677 ]
alpha0.30000000000000004_beta0.9 (snr=1.5)
	path-0 , [0.42795 0.6422  0.7608  0.8333  0.8834  0.91365 0.9342  0.9494  0.96
 0.9672 ]
alpha0.4_beta0.1 (snr=1.5)
	path-0 , [0.43375 0.65295 0.77915 0.85595 0.90225 0.93335 0.95195 0.96455 0.97405
 0.97915]
alpha0.4_beta0.2 (snr=1.5)
	path-0 , [0.438   0.65655 0.78015 0.85595 0.9028  0.9336  0.9524  0.9649  0.97405
 0.9792 ]
alpha0.4_beta0.30000000000000004 (snr=1.5)
	path-0 , [0.43845 0.65785 0.78005 0.85665 0.9022  0.9336  0.9528  0.96535 0.9739
 0.9791 ]
alpha0.4_beta0.4 (snr=1.5)
	path-0 , [0.43865 0.65625 0.78085 0.85515 0.9016  0.93335 0.95255 0.9648  0.9737
 0.9789 ]
alpha0.4_beta0.5 (snr=1.5)
	path-0 , [0.43765 0.65415 0.7779  0.85415 0.90125 0.93235 0.95235 0.96445 0.97355
 0.97875]
alpha0.4_beta0.6 (snr=1.5)
	path-0 , [0.4345  0.6519  0.7748  0.8517  0.90045 0.93135 0.9515  0.9646  0.9736
 0.9785 ]
alpha0.4_beta0.7000000000000001 (snr=1.5)
	path-0 , [0.43095 0.6476  0.77225 0.84945 0.89795 0.9303  0.9506  0.9642  0.9731
 0.97845]
alpha0.4_beta0.8 (snr=1.5)
	path-0 , [0.42755 0.64195 0.76835 0.8463  0.8957  0.9285  0.94965 0.96355 0.97245
 0.97805]
alpha0.4_beta0.9 (snr=1.5)
	path-0 , [0.42175 0.6353  0.76245 0.8429  0.89255 0.9262  0.94835 0.96255 0.9719
 0.97745]
alpha0.5_beta0.1 (snr=1.5)
	path-0 , [0.42255 0.6301  0.7541  0.83275 0.8862  0.92005 0.94145 0.9571  0.96795
 0.97525]
alpha0.5_beta0.2 (snr=1.5)
	path-0 , [0.4264  0.6356  0.75945 0.8361  0.8889  0.9209  0.9429  0.95845 0.9691
 0.97605]
alpha0.5_beta0.30000000000000004 (snr=1.5)
	path-0 , [0.4293  0.6377  0.76265 0.838   0.8903  0.92265 0.94415 0.9594  0.9696
 0.97675]
alpha0.5_beta0.4 (snr=1.5)
	path-0 , [0.4285  0.64005 0.76355 0.83995 0.8911  0.92315 0.9451  0.96    0.97045
 0.9773 ]
alpha0.5_beta0.5 (snr=1.5)
	path-0 , [0.42775 0.64    0.76385 0.8399  0.8908  0.92295 0.9446  0.95965 0.97075
 0.9774 ]
alpha0.5_beta0.6 (snr=1.5)
	path-0 , [0.42335 0.6387  0.7622  0.83805 0.89015 0.9225  0.94415 0.9591  0.97065
 0.97715]
alpha0.5_beta0.7000000000000001 (snr=1.5)
	path-0 , [0.41825 0.6331  0.7585  0.8356  0.88845 0.9218  0.94415 0.9589  0.97075
 0.97715]
alpha0.5_beta0.8 (snr=1.5)
	path-0 , [0.41255 0.6251  0.75605 0.8335  0.887   0.92145 0.9438  0.95915 0.97045
 0.9769 ]
alpha0.5_beta0.9 (snr=1.5)
	path-0 , [0.40655 0.6186  0.75145 0.83085 0.8841  0.91995 0.9427  0.9588  0.9702
 0.9768 ]
alpha0.6_beta0.1 (snr=1.5)
	path-0 , [0.4067  0.60125 0.7231  0.80145 0.8587  0.89395 0.92135 0.9422  0.9552
 0.9647 ]
alpha0.6_beta0.2 (snr=1.5)
	path-0 , [0.41365 0.61    0.73015 0.8078  0.86305 0.89785 0.924   0.94515 0.9577
 0.96585]
alpha0.6_beta0.30000000000000004 (snr=1.5)
	path-0 , [0.4176  0.6153  0.73425 0.81245 0.867   0.9015  0.92575 0.9465  0.9593
 0.9673 ]
alpha0.6_beta0.4 (snr=1.5)
	path-0 , [0.4171  0.61795 0.74135 0.81625 0.8695  0.904   0.92765 0.9473  0.9603
 0.96835]
alpha0.6_beta0.5 (snr=1.5)
	path-0 , [0.4152  0.6178  0.7434  0.8183  0.87085 0.90545 0.9293  0.94835 0.96125
 0.969  ]
alpha0.6_beta0.6 (snr=1.5)
	path-0 , [0.41055 0.61595 0.7434  0.8194  0.87255 0.9064  0.93045 0.94865 0.96225
 0.9696 ]
alpha0.6_beta0.7000000000000001 (snr=1.5)
	path-0 , [0.4042  0.6122  0.74055 0.81815 0.87195 0.9066  0.93135 0.9486  0.96235
 0.96975]
alpha0.6_beta0.8 (snr=1.5)
	path-0 , [0.3986  0.60505 0.73795 0.81685 0.87085 0.9062  0.93155 0.9488  0.9625
 0.9702 ]
alpha0.6_beta0.9 (snr=1.5)
	path-0 , [0.3899  0.5976  0.73515 0.8152  0.86905 0.9051  0.93105 0.9482  0.96225
 0.97025]
alpha0.7000000000000001_beta0.1 (snr=1.5)
	path-0 , [0.38665 0.5761  0.6924  0.77055 0.82655 0.8674  0.89735 0.9227  0.9396
 0.95345]
alpha0.7000000000000001_beta0.2 (snr=1.5)
	path-0 , [0.39675 0.58475 0.70105 0.77865 0.8346  0.8732  0.9022  0.92665 0.94245
 0.95655]
alpha0.7000000000000001_beta0.30000000000000004 (snr=1.5)
	path-0 , [0.40265 0.5907  0.7103  0.78515 0.8414  0.87795 0.9066  0.929   0.9457
 0.95775]
alpha0.7000000000000001_beta0.4 (snr=1.5)
	path-0 , [0.40265 0.5936  0.71575 0.792   0.8461  0.88095 0.9098  0.93135 0.9473
 0.95895]
alpha0.7000000000000001_beta0.5 (snr=1.5)
	path-0 , [0.3997  0.59485 0.71965 0.7973  0.84925 0.88505 0.91185 0.93225 0.9487
 0.96045]
alpha0.7000000000000001_beta0.6 (snr=1.5)
	path-0 , [0.3959  0.59365 0.7205  0.80105 0.85175 0.88725 0.91365 0.9333  0.95
 0.96125]
alpha0.7000000000000001_beta0.7000000000000001 (snr=1.5)
	path-0 , [0.39125 0.59045 0.7205  0.80045 0.85265 0.8884  0.91515 0.9344  0.95095
 0.9619 ]
alpha0.7000000000000001_beta0.8 (snr=1.5)
	path-0 , [0.3835  0.58505 0.7179  0.7996  0.8519  0.88825 0.9162  0.93505 0.95165
 0.9618 ]
alpha0.7000000000000001_beta0.9 (snr=1.5)
	path-0 , [0.376   0.5776  0.7135  0.79825 0.85175 0.88805 0.91625 0.9358  0.9515
 0.96235]
alpha0.8_beta0.1 (snr=1.5)
	path-0 , [0.36945 0.54905 0.6632  0.74085 0.79845 0.8439  0.8766  0.9025  0.9233
 0.93975]
alpha0.8_beta0.2 (snr=1.5)
	path-0 , [0.3778  0.5601  0.6752  0.7534  0.80845 0.85265 0.88275 0.9077  0.9279
 0.9442 ]
alpha0.8_beta0.30000000000000004 (snr=1.5)
	path-0 , [0.3852  0.56925 0.68425 0.7607  0.8168  0.85885 0.8888  0.91235 0.93155
 0.94705]
alpha0.8_beta0.4 (snr=1.5)
	path-0 , [0.38735 0.57335 0.6909  0.7687  0.8241  0.8641  0.89235 0.9166  0.93405
 0.9482 ]
alpha0.8_beta0.5 (snr=1.5)
	path-0 , [0.3856  0.5749  0.6978  0.7753  0.82875 0.8675  0.89625 0.91845 0.93565
 0.9493 ]
alpha0.8_beta0.6 (snr=1.5)
	path-0 , [0.38255 0.5767  0.69875 0.77955 0.83315 0.87045 0.89905 0.92055 0.9374
 0.9515 ]
alpha0.8_beta0.7000000000000001 (snr=1.5)
	path-0 , [0.3783  0.57335 0.70035 0.7808  0.83535 0.87195 0.90075 0.9221  0.939
 0.95235]
alpha0.8_beta0.8 (snr=1.5)
	path-0 , [0.36995 0.56885 0.69875 0.7814  0.83625 0.87385 0.90245 0.92355 0.9398
 0.95235]
alpha0.8_beta0.9 (snr=1.5)
	path-0 , [0.36215 0.56125 0.6969  0.7807  0.8356  0.87495 0.9026  0.9247  0.94105
 0.9532 ]
alpha0.9_beta0.1 (snr=1.5)
	path-0 , [0.35225 0.5266  0.6363  0.7137  0.772   0.81935 0.8561  0.88585 0.90805
 0.9264 ]
alpha0.9_beta0.2 (snr=1.5)
	path-0 , [0.3617  0.53785 0.6505  0.72675 0.78455 0.83205 0.8657  0.8925  0.9133
 0.93115]
alpha0.9_beta0.30000000000000004 (snr=1.5)
	path-0 , [0.36765 0.54965 0.6625  0.7377  0.79485 0.83955 0.8723  0.89805 0.9185
 0.93505]
alpha0.9_beta0.4 (snr=1.5)
	path-0 , [0.373   0.55525 0.6697  0.748   0.80405 0.84505 0.878   0.9027  0.92315
 0.93825]
alpha0.9_beta0.5 (snr=1.5)
	path-0 , [0.3737  0.5588  0.67705 0.7554  0.8109  0.8508  0.882   0.90625 0.9255
 0.93945]
alpha0.9_beta0.6 (snr=1.5)
	path-0 , [0.36955 0.5597  0.6819  0.76055 0.81535 0.8544  0.88465 0.9093  0.92765
 0.94135]
alpha0.9_beta0.7000000000000001 (snr=1.5)
	path-0 , [0.3656  0.5579  0.68435 0.7638  0.8186  0.858   0.88735 0.91155 0.9299
 0.943  ]
alpha0.9_beta0.8 (snr=1.5)
	path-0 , [0.357   0.5548  0.6812  0.76485 0.8214  0.85945 0.8894  0.91325 0.9314
 0.94445]
alpha0.9_beta0.9 (snr=1.5)
	path-0 , [0.34925 0.54775 0.67905 0.7654  0.82265 0.86085 0.89135 0.91445 0.9322
 0.94525]
alpha0.1_beta0.1 (snr=2.0)
	path-0 , [0.44025 0.6283  0.7159  0.7723  0.8103  0.8342  0.851   0.86235 0.8697
 0.87555]
alpha0.1_beta0.2 (snr=2.0)
	path-0 , [0.43815 0.62715 0.71575 0.7732  0.8113  0.8342  0.85085 0.86225 0.8697
 0.8755 ]
alpha0.1_beta0.30000000000000004 (snr=2.0)
	path-0 , [0.4371  0.62595 0.7156  0.77435 0.8124  0.8343  0.8507  0.8624  0.86955
 0.8756 ]
alpha0.1_beta0.4 (snr=2.0)
	path-0 , [0.43635 0.62525 0.71575 0.7751  0.8133  0.83435 0.8508  0.86245 0.8695
 0.87545]
alpha0.1_beta0.5 (snr=2.0)
	path-0 , [0.4353  0.62495 0.7154  0.77595 0.81385 0.8344  0.8506  0.8624  0.8693
 0.87515]
alpha0.1_beta0.6 (snr=2.0)
	path-0 , [0.4342  0.62495 0.71495 0.77705 0.8143  0.8344  0.85035 0.86235 0.8693
 0.87495]
alpha0.1_beta0.7000000000000001 (snr=2.0)
	path-0 , [0.43295 0.6243  0.7151  0.77795 0.81465 0.8345  0.85015 0.8622  0.86935
 0.875  ]
alpha0.1_beta0.8 (snr=2.0)
	path-0 , [0.4316  0.6236  0.7151  0.77845 0.8149  0.83435 0.85005 0.862   0.86915
 0.87495]
alpha0.1_beta0.9 (snr=2.0)
	path-0 , [0.4309  0.6234  0.7148  0.77935 0.8155  0.8345  0.8498  0.86195 0.86875
 0.87495]
alpha0.2_beta0.1 (snr=2.0)
	path-0 , [0.4823  0.684   0.7887  0.8468  0.88235 0.9053  0.9228  0.93425 0.94425
 0.9542 ]
alpha0.2_beta0.2 (snr=2.0)
	path-0 , [0.48195 0.6837  0.7884  0.84595 0.8818  0.90435 0.9215  0.93395 0.94405
 0.95375]
alpha0.2_beta0.30000000000000004 (snr=2.0)
	path-0 , [0.4809  0.6824  0.78675 0.84475 0.88075 0.9037  0.9202  0.93345 0.94335
 0.95325]
alpha0.2_beta0.4 (snr=2.0)
	path-0 , [0.4807  0.68055 0.78495 0.8438  0.87945 0.90275 0.91965 0.93265 0.9431
 0.95275]
alpha0.2_beta0.5 (snr=2.0)
	path-0 , [0.47915 0.67905 0.7828  0.84235 0.8779  0.90135 0.91905 0.9317  0.94215
 0.95225]
alpha0.2_beta0.6 (snr=2.0)
	path-0 , [0.47535 0.67625 0.7816  0.84095 0.87665 0.90045 0.9178  0.93095 0.9416
 0.95155]
alpha0.2_beta0.7000000000000001 (snr=2.0)
	path-0 , [0.4717  0.67485 0.78035 0.8393  0.87535 0.89945 0.91655 0.9301  0.94095
 0.9508 ]
alpha0.2_beta0.8 (snr=2.0)
	path-0 , [0.4695  0.6721  0.77815 0.83765 0.87335 0.8986  0.9156  0.92975 0.94055
 0.95005]
alpha0.2_beta0.9 (snr=2.0)
	path-0 , [0.46395 0.66965 0.77655 0.8352  0.87175 0.89745 0.91465 0.9284  0.93965
 0.94935]
alpha0.30000000000000004_beta0.1 (snr=2.0)
	path-0 , [0.4962  0.71515 0.83075 0.8884  0.9245  0.9476  0.9608  0.9713  0.9776
 0.982  ]
alpha0.30000000000000004_beta0.2 (snr=2.0)
	path-0 , [0.49975 0.717   0.8309  0.88875 0.92375 0.9472  0.9607  0.9706  0.9776
 0.9821 ]
alpha0.30000000000000004_beta0.30000000000000004 (snr=2.0)
	path-0 , [0.49685 0.71575 0.82865 0.8885  0.9232  0.9469  0.96025 0.97005 0.97745
 0.98195]
alpha0.30000000000000004_beta0.4 (snr=2.0)
	path-0 , [0.49695 0.7132  0.82675 0.88675 0.9221  0.9454  0.95985 0.9695  0.97705
 0.98155]
alpha0.30000000000000004_beta0.5 (snr=2.0)
	path-0 , [0.4931  0.70965 0.8236  0.8842  0.9207  0.944   0.95965 0.96895 0.97685
 0.9812 ]
alpha0.30000000000000004_beta0.6 (snr=2.0)
	path-0 , [0.48955 0.70695 0.82075 0.88195 0.91945 0.94285 0.95855 0.96835 0.9763
 0.98105]
alpha0.30000000000000004_beta0.7000000000000001 (snr=2.0)
	path-0 , [0.48455 0.70055 0.81655 0.87945 0.9174  0.94155 0.95775 0.96795 0.9759
 0.98085]
alpha0.30000000000000004_beta0.8 (snr=2.0)
	path-0 , [0.4796  0.6946  0.8116  0.876   0.9157  0.94025 0.95625 0.96745 0.9753
 0.9805 ]
alpha0.30000000000000004_beta0.9 (snr=2.0)
	path-0 , [0.47505 0.6884  0.8065  0.87185 0.91315 0.9383  0.95515 0.9663  0.97485
 0.98005]
alpha0.4_beta0.1 (snr=2.0)
	path-0 , [0.49085 0.70685 0.82385 0.8862  0.92515 0.9502  0.9653  0.9739  0.9799
 0.98345]
alpha0.4_beta0.2 (snr=2.0)
	path-0 , [0.4938  0.7106  0.82505 0.88845 0.92625 0.95115 0.966   0.9741  0.97995
 0.98335]
alpha0.4_beta0.30000000000000004 (snr=2.0)
	path-0 , [0.4959  0.7125  0.82645 0.88905 0.9271  0.95165 0.9659  0.97425 0.97985
 0.9836 ]
alpha0.4_beta0.4 (snr=2.0)
	path-0 , [0.49345 0.71135 0.8254  0.88925 0.92705 0.9512  0.96555 0.9742  0.9795
 0.9837 ]
alpha0.4_beta0.5 (snr=2.0)
	path-0 , [0.49045 0.7056  0.8244  0.88805 0.92645 0.9506  0.96525 0.9738  0.9796
 0.98335]
alpha0.4_beta0.6 (snr=2.0)
	path-0 , [0.48555 0.70245 0.82005 0.88465 0.9255  0.94955 0.96465 0.97345 0.97925
 0.9834 ]
alpha0.4_beta0.7000000000000001 (snr=2.0)
	path-0 , [0.4776  0.69525 0.81575 0.88275 0.9237  0.9484  0.9635  0.9731  0.97915
 0.9834 ]
alpha0.4_beta0.8 (snr=2.0)
	path-0 , [0.4717  0.6888  0.80995 0.87995 0.9215  0.9466  0.96205 0.97265 0.9787
 0.9832 ]
alpha0.4_beta0.9 (snr=2.0)
	path-0 , [0.46265 0.68015 0.80475 0.8754  0.91995 0.94525 0.96065 0.972   0.97845
 0.98305]
alpha0.5_beta0.1 (snr=2.0)
	path-0 , [0.4706  0.67775 0.7929  0.85935 0.904   0.93185 0.95075 0.96335 0.97175
 0.9773 ]
alpha0.5_beta0.2 (snr=2.0)
	path-0 , [0.47745 0.68715 0.7988  0.86405 0.90775 0.9343  0.9524  0.9649  0.9736
 0.9788 ]
alpha0.5_beta0.30000000000000004 (snr=2.0)
	path-0 , [0.4799  0.69185 0.8026  0.86815 0.91125 0.93625 0.95495 0.966   0.974
 0.9789 ]
alpha0.5_beta0.4 (snr=2.0)
	path-0 , [0.4805  0.69095 0.8035  0.8704  0.9118  0.9385  0.9559  0.9669  0.974
 0.9792 ]
alpha0.5_beta0.5 (snr=2.0)
	path-0 , [0.47645 0.6893  0.80285 0.87125 0.91345 0.93925 0.9565  0.96735 0.97405
 0.97935]
alpha0.5_beta0.6 (snr=2.0)
	path-0 , [0.46995 0.68315 0.80175 0.8702  0.9132  0.93915 0.95665 0.9672  0.974
 0.97925]
alpha0.5_beta0.7000000000000001 (snr=2.0)
	path-0 , [0.46225 0.6752  0.7986  0.86835 0.91245 0.93865 0.95565 0.9669  0.9737
 0.9792 ]
alpha0.5_beta0.8 (snr=2.0)
	path-0 , [0.45265 0.66855 0.79375 0.8668  0.91015 0.9376  0.9551  0.9664  0.97335
 0.9792 ]
alpha0.5_beta0.9 (snr=2.0)
	path-0 , [0.44315 0.6589  0.7877  0.8635  0.9092  0.9365  0.95425 0.96595 0.973
 0.979  ]
alpha0.6_beta0.1 (snr=2.0)
	path-0 , [0.4477  0.6446  0.75655 0.8259  0.87545 0.90865 0.9311  0.94605 0.95895
 0.96835]
alpha0.6_beta0.2 (snr=2.0)
	path-0 , [0.45685 0.65365 0.7656  0.8345  0.88305 0.91295 0.93495 0.94915 0.9617
 0.97005]
alpha0.6_beta0.30000000000000004 (snr=2.0)
	path-0 , [0.46005 0.66075 0.77255 0.84045 0.8873  0.91595 0.9373  0.95215 0.9633
 0.9715 ]
alpha0.6_beta0.4 (snr=2.0)
	path-0 , [0.4586  0.6641  0.77615 0.8446  0.8904  0.91785 0.93995 0.9545  0.96465
 0.97235]
alpha0.6_beta0.5 (snr=2.0)
	path-0 , [0.4552  0.66385 0.77625 0.84745 0.89245 0.92045 0.94265 0.9561  0.9656
 0.9727 ]
alpha0.6_beta0.6 (snr=2.0)
	path-0 , [0.4496  0.6611  0.77615 0.84905 0.89385 0.9221  0.9433  0.9569  0.96605
 0.9731 ]
alpha0.6_beta0.7000000000000001 (snr=2.0)
	path-0 , [0.441   0.6544  0.77325 0.84845 0.8942  0.9231  0.9436  0.957   0.9668
 0.9733 ]
alpha0.6_beta0.8 (snr=2.0)
	path-0 , [0.4313  0.64585 0.7708  0.84725 0.8927  0.9233  0.94405 0.95775 0.967
 0.973  ]
alpha0.6_beta0.9 (snr=2.0)
	path-0 , [0.42195 0.6384  0.7647  0.84405 0.8918  0.9224  0.94385 0.95735 0.96655
 0.9728 ]
alpha0.7000000000000001_beta0.1 (snr=2.0)
	path-0 , [0.423   0.6141  0.7219  0.79355 0.84325 0.88145 0.9094  0.9289  0.9436
 0.956  ]
alpha0.7000000000000001_beta0.2 (snr=2.0)
	path-0 , [0.4332  0.6239  0.7339  0.80345 0.85305 0.8894  0.91575 0.9336  0.94745
 0.959  ]
alpha0.7000000000000001_beta0.30000000000000004 (snr=2.0)
	path-0 , [0.43755 0.63315 0.74145 0.8127  0.86135 0.8954  0.921   0.93755 0.95035
 0.96135]
alpha0.7000000000000001_beta0.4 (snr=2.0)
	path-0 , [0.44005 0.63765 0.74895 0.81825 0.86675 0.89975 0.9239  0.9402  0.9528
 0.96315]
alpha0.7000000000000001_beta0.5 (snr=2.0)
	path-0 , [0.4342  0.6368  0.75285 0.8225  0.87055 0.90385 0.9263  0.9424  0.9548
 0.9647 ]
alpha0.7000000000000001_beta0.6 (snr=2.0)
	path-0 , [0.42955 0.63535 0.7514  0.82485 0.87335 0.90645 0.9286  0.94395 0.95585
 0.96525]
alpha0.7000000000000001_beta0.7000000000000001 (snr=2.0)
	path-0 , [0.42345 0.63125 0.75105 0.8258  0.87515 0.9071  0.92925 0.9454  0.9571
 0.966  ]
alpha0.7000000000000001_beta0.8 (snr=2.0)
	path-0 , [0.4136  0.62485 0.7478  0.82735 0.8748  0.9077  0.9306  0.94635 0.95815
 0.9665 ]
alpha0.7000000000000001_beta0.9 (snr=2.0)
	path-0 , [0.4023  0.61615 0.7431  0.82505 0.87445 0.90815 0.93095 0.9465  0.9584
 0.96645]
alpha0.8_beta0.1 (snr=2.0)
	path-0 , [0.4003  0.58615 0.6899  0.76315 0.8158  0.8558  0.88635 0.91175 0.9294
 0.9444 ]
alpha0.8_beta0.2 (snr=2.0)
	path-0 , [0.4113  0.59755 0.7038  0.77595 0.8279  0.8662  0.8966  0.9184  0.93515
 0.9493 ]
alpha0.8_beta0.30000000000000004 (snr=2.0)
	path-0 , [0.4195  0.60435 0.71505 0.78775 0.83695 0.87495 0.9035  0.9236  0.93905
 0.95235]
alpha0.8_beta0.4 (snr=2.0)
	path-0 , [0.4213  0.6108  0.72315 0.79575 0.84575 0.88145 0.90845 0.92715 0.94265
 0.95455]
alpha0.8_beta0.5 (snr=2.0)
	path-0 , [0.41805 0.61475 0.72905 0.8017  0.8508  0.8858  0.9118  0.93065 0.94445
 0.956  ]
alpha0.8_beta0.6 (snr=2.0)
	path-0 , [0.41285 0.61165 0.7296  0.80425 0.85435 0.8904  0.9149  0.93215 0.9459
 0.9574 ]
alpha0.8_beta0.7000000000000001 (snr=2.0)
	path-0 , [0.4059  0.6106  0.7296  0.80745 0.85825 0.89165 0.9176  0.93415 0.94695
 0.9585 ]
alpha0.8_beta0.8 (snr=2.0)
	path-0 , [0.39595 0.6042  0.7288  0.8089  0.85905 0.8925  0.9185  0.9355  0.9481
 0.9589 ]
alpha0.8_beta0.9 (snr=2.0)
	path-0 , [0.3858  0.59785 0.7256  0.8086  0.85915 0.8933  0.9195  0.93705 0.9495
 0.95965]
alpha0.9_beta0.1 (snr=2.0)
	path-0 , [0.38075 0.5577  0.66215 0.73765 0.79165 0.8346  0.8685  0.8966  0.91775
 0.9345 ]
alpha0.9_beta0.2 (snr=2.0)
	path-0 , [0.39435 0.5742  0.6784  0.75375 0.8063  0.8467  0.87895 0.9043  0.92415
 0.93995]
alpha0.9_beta0.30000000000000004 (snr=2.0)
	path-0 , [0.4039  0.5847  0.69095 0.76585 0.81885 0.8561  0.88825 0.9121  0.9293
 0.9434 ]
alpha0.9_beta0.4 (snr=2.0)
	path-0 , [0.40705 0.5916  0.70105 0.7748  0.82625 0.8649  0.8941  0.91635 0.933
 0.9467 ]
alpha0.9_beta0.5 (snr=2.0)
	path-0 , [0.40555 0.59385 0.7084  0.78195 0.83355 0.8704  0.8995  0.92095 0.9369
 0.9488 ]
alpha0.9_beta0.6 (snr=2.0)
	path-0 , [0.3981  0.5962  0.7115  0.7872  0.8373  0.8759  0.904   0.9241  0.93855
 0.95005]
alpha0.9_beta0.7000000000000001 (snr=2.0)
	path-0 , [0.3915  0.59365 0.71275 0.7896  0.8421  0.87925 0.90625 0.9255  0.94005
 0.9517 ]
alpha0.9_beta0.8 (snr=2.0)
	path-0 , [0.38115 0.59065 0.71225 0.7925  0.8441  0.881   0.9086  0.9272  0.94095
 0.95365]
alpha0.9_beta0.9 (snr=2.0)
	path-0 , [0.3744  0.5841  0.71045 0.79275 0.8457  0.88185 0.91015 0.92845 0.9423
 0.9543 ]
alpha0.1_beta0.1 (snr=2.5)
	path-0 , [0.4838  0.667   0.7512  0.80485 0.83555 0.85235 0.867   0.8785  0.8856
 0.89225]
alpha0.1_beta0.2 (snr=2.5)
	path-0 , [0.48145 0.6658  0.7512  0.8054  0.8359  0.85235 0.86695 0.87825 0.88565
 0.8922 ]
alpha0.1_beta0.30000000000000004 (snr=2.5)
	path-0 , [0.47985 0.6653  0.7511  0.806   0.8366  0.8527  0.86635 0.87825 0.8852
 0.89195]
alpha0.1_beta0.4 (snr=2.5)
	path-0 , [0.4779  0.6638  0.75115 0.8064  0.8365  0.8528  0.866   0.878   0.8851
 0.8917 ]
alpha0.1_beta0.5 (snr=2.5)
	path-0 , [0.4764  0.66275 0.7507  0.8069  0.8365  0.85275 0.8659  0.8777  0.88485
 0.8912 ]
alpha0.1_beta0.6 (snr=2.5)
	path-0 , [0.47545 0.6618  0.7511  0.8077  0.83705 0.85265 0.86575 0.8772  0.8848
 0.89085]
alpha0.1_beta0.7000000000000001 (snr=2.5)
	path-0 , [0.47365 0.66125 0.75045 0.80795 0.8374  0.85275 0.8655  0.87695 0.88455
 0.89045]
alpha0.1_beta0.8 (snr=2.5)
	path-0 , [0.4719  0.6607  0.74995 0.8081  0.8379  0.85275 0.8655  0.87635 0.88405
 0.8901 ]
alpha0.1_beta0.9 (snr=2.5)
	path-0 , [0.47085 0.6602  0.75005 0.8088  0.838   0.85285 0.86555 0.87605 0.8839
 0.88975]
alpha0.2_beta0.1 (snr=2.5)
	path-0 , [0.53855 0.7418  0.84125 0.89165 0.9191  0.9385  0.9517  0.96065 0.96805
 0.97295]
alpha0.2_beta0.2 (snr=2.5)
	path-0 , [0.53775 0.74125 0.84055 0.89045 0.91825 0.93795 0.95115 0.96025 0.96735
 0.9726 ]
alpha0.2_beta0.30000000000000004 (snr=2.5)
	path-0 , [0.53675 0.73895 0.83825 0.889   0.917   0.9372  0.95035 0.95915 0.96695
 0.97225]
alpha0.2_beta0.4 (snr=2.5)
	path-0 , [0.53455 0.736   0.83615 0.887   0.91535 0.9358  0.94955 0.95855 0.9665
 0.97215]
alpha0.2_beta0.5 (snr=2.5)
	path-0 , [0.53145 0.7334  0.83345 0.88525 0.91395 0.9344  0.94825 0.958   0.96595
 0.9715 ]
alpha0.2_beta0.6 (snr=2.5)
	path-0 , [0.5289  0.7297  0.8312  0.88245 0.9125  0.93315 0.94755 0.9573  0.9655
 0.97115]
alpha0.2_beta0.7000000000000001 (snr=2.5)
	path-0 , [0.52375 0.7252  0.82885 0.8799  0.91155 0.93215 0.94665 0.9563  0.9649
 0.9704 ]
alpha0.2_beta0.8 (snr=2.5)
	path-0 , [0.51895 0.7203  0.8253  0.87785 0.91045 0.93035 0.9457  0.9558  0.96415
 0.9702 ]
alpha0.2_beta0.9 (snr=2.5)
	path-0 , [0.51325 0.7171  0.82215 0.8753  0.9083  0.92895 0.94475 0.9555  0.9638
 0.97   ]
alpha0.30000000000000004_beta0.1 (snr=2.5)
	path-0 , [0.55305 0.7729  0.8755  0.9253  0.95175 0.9667  0.97575 0.98285 0.9861
 0.9883 ]
alpha0.30000000000000004_beta0.2 (snr=2.5)
	path-0 , [0.5565  0.7742  0.8761  0.9253  0.95175 0.9666  0.9757  0.9828  0.98615
 0.9884 ]
alpha0.30000000000000004_beta0.30000000000000004 (snr=2.5)
	path-0 , [0.55735 0.7733  0.87445 0.9251  0.9511  0.9668  0.97575 0.9823  0.98615
 0.98825]
alpha0.30000000000000004_beta0.4 (snr=2.5)
	path-0 , [0.55455 0.7715  0.872   0.92305 0.95025 0.9665  0.9755  0.982   0.98595
 0.98805]
alpha0.30000000000000004_beta0.5 (snr=2.5)
	path-0 , [0.55015 0.7675  0.86905 0.92135 0.9488  0.9659  0.97475 0.98145 0.98565
 0.988  ]
alpha0.30000000000000004_beta0.6 (snr=2.5)
	path-0 , [0.5426  0.7627  0.8652  0.91855 0.94705 0.9644  0.9739  0.9812  0.9856
 0.9877 ]
alpha0.30000000000000004_beta0.7000000000000001 (snr=2.5)
	path-0 , [0.53635 0.7553  0.8597  0.91545 0.94525 0.96395 0.9735  0.98055 0.98545
 0.9875 ]
alpha0.30000000000000004_beta0.8 (snr=2.5)
	path-0 , [0.5285  0.7487  0.85545 0.91165 0.943   0.9628  0.97285 0.97985 0.98515
 0.98715]
alpha0.30000000000000004_beta0.9 (snr=2.5)
	path-0 , [0.5175  0.7389  0.84895 0.9079  0.94145 0.9613  0.9722  0.9793  0.98475
 0.98695]
alpha0.4_beta0.1 (snr=2.5)
	path-0 , [0.5393  0.75295 0.8549  0.91175 0.9415  0.96065 0.9728  0.97925 0.98355
 0.98655]
alpha0.4_beta0.2 (snr=2.5)
	path-0 , [0.5424  0.7567  0.8577  0.91455 0.944   0.96245 0.97345 0.9802  0.98425
 0.98705]
alpha0.4_beta0.30000000000000004 (snr=2.5)
	path-0 , [0.54665 0.75825 0.8603  0.91625 0.9445  0.96345 0.97445 0.9808  0.9847
 0.98755]
alpha0.4_beta0.4 (snr=2.5)
	path-0 , [0.5454  0.7586  0.8601  0.91565 0.9443  0.9633  0.9749  0.98085 0.98505
 0.98755]
alpha0.4_beta0.5 (snr=2.5)
	path-0 , [0.54125 0.75625 0.8595  0.9143  0.94445 0.96305 0.9749  0.9816  0.98505
 0.98735]
alpha0.4_beta0.6 (snr=2.5)
	path-0 , [0.53275 0.7528  0.85565 0.91295 0.94395 0.96285 0.9749  0.98155 0.9849
 0.9875 ]
alpha0.4_beta0.7000000000000001 (snr=2.5)
	path-0 , [0.52235 0.74565 0.8506  0.9106  0.94305 0.9621  0.97385 0.98135 0.98515
 0.98745]
alpha0.4_beta0.8 (snr=2.5)
	path-0 , [0.51235 0.7366  0.84535 0.90805 0.9419  0.96075 0.97325 0.98085 0.9851
 0.9876 ]
alpha0.4_beta0.9 (snr=2.5)
	path-0 , [0.49995 0.72705 0.8398  0.905   0.94075 0.9594  0.9728  0.98045 0.985
 0.9875 ]
alpha0.5_beta0.1 (snr=2.5)
	path-0 , [0.5079  0.71125 0.81685 0.8781  0.9155  0.94005 0.95615 0.96675 0.9739
 0.9803 ]
alpha0.5_beta0.2 (snr=2.5)
	path-0 , [0.51805 0.72175 0.8249  0.88315 0.91965 0.94355 0.9593  0.96925 0.97555
 0.9813 ]
alpha0.5_beta0.30000000000000004 (snr=2.5)
	path-0 , [0.52155 0.729   0.82925 0.88685 0.92325 0.9465  0.96125 0.9706  0.97665
 0.98205]
alpha0.5_beta0.4 (snr=2.5)
	path-0 , [0.5227  0.73    0.8317  0.8904  0.9252  0.94755 0.9622  0.9713  0.97785
 0.98255]
alpha0.5_beta0.5 (snr=2.5)
	path-0 , [0.5175  0.7289  0.83305 0.8923  0.92625 0.9478  0.9631  0.9724  0.9786
 0.98285]
alpha0.5_beta0.6 (snr=2.5)
	path-0 , [0.5103  0.7252  0.8315  0.8926  0.92765 0.94845 0.96335 0.97265 0.97925
 0.9829 ]
alpha0.5_beta0.7000000000000001 (snr=2.5)
	path-0 , [0.4985  0.72025 0.82855 0.891   0.9278  0.94855 0.96375 0.97315 0.97925
 0.9832 ]
alpha0.5_beta0.8 (snr=2.5)
	path-0 , [0.4881  0.7102  0.8256  0.8891  0.92755 0.9485  0.96415 0.97355 0.97945
 0.98345]
alpha0.5_beta0.9 (snr=2.5)
	path-0 , [0.4765  0.69925 0.81935 0.887   0.9262  0.9476  0.96395 0.9738  0.97925
 0.9835 ]
alpha0.6_beta0.1 (snr=2.5)
	path-0 , [0.4774  0.6703  0.7772  0.8416  0.88445 0.91455 0.9365  0.95115 0.9614
 0.96935]
alpha0.6_beta0.2 (snr=2.5)
	path-0 , [0.49    0.6832  0.78855 0.8508  0.89255 0.92065 0.9411  0.95505 0.96455
 0.9715 ]
alpha0.6_beta0.30000000000000004 (snr=2.5)
	path-0 , [0.4942  0.69225 0.7963  0.85805 0.8974  0.9256  0.94465 0.95835 0.96725
 0.97325]
alpha0.6_beta0.4 (snr=2.5)
	path-0 , [0.49685 0.698   0.80205 0.86435 0.9029  0.9285  0.94755 0.9598  0.96845
 0.97505]
alpha0.6_beta0.5 (snr=2.5)
	path-0 , [0.49115 0.69825 0.80425 0.8684  0.9061  0.9308  0.9489  0.9609  0.9704
 0.9755 ]
alpha0.6_beta0.6 (snr=2.5)
	path-0 , [0.4847  0.69705 0.8051  0.86985 0.9083  0.93275 0.9503  0.9622  0.9712
 0.9768 ]
alpha0.6_beta0.7000000000000001 (snr=2.5)
	path-0 , [0.47565 0.6935  0.8039  0.8709  0.9102  0.93415 0.951   0.96325 0.97155
 0.97715]
alpha0.6_beta0.8 (snr=2.5)
	path-0 , [0.463   0.68475 0.80165 0.86915 0.91015 0.93455 0.95175 0.964   0.9723
 0.9774 ]
alpha0.6_beta0.9 (snr=2.5)
	path-0 , [0.45105 0.67545 0.7971  0.8678  0.9096  0.93415 0.95235 0.9644  0.9725
 0.9779 ]
alpha0.7000000000000001_beta0.1 (snr=2.5)
	path-0 , [0.44875 0.63465 0.74085 0.8067  0.8548  0.8906  0.9152  0.9337  0.9482
 0.9596 ]
alpha0.7000000000000001_beta0.2 (snr=2.5)
	path-0 , [0.4629  0.64995 0.75525 0.81865 0.86505 0.89905 0.9231  0.94005 0.9531
 0.963  ]
alpha0.7000000000000001_beta0.30000000000000004 (snr=2.5)
	path-0 , [0.46925 0.6611  0.76605 0.8304  0.87395 0.90555 0.92845 0.94425 0.95615
 0.96525]
alpha0.7000000000000001_beta0.4 (snr=2.5)
	path-0 , [0.4725  0.66845 0.77405 0.838   0.88085 0.9114  0.9326  0.9469  0.959
 0.9674 ]
alpha0.7000000000000001_beta0.5 (snr=2.5)
	path-0 , [0.47025 0.6722  0.77915 0.84435 0.8857  0.915   0.93575 0.94945 0.961
 0.9687 ]
alpha0.7000000000000001_beta0.6 (snr=2.5)
	path-0 , [0.4619  0.6721  0.7826  0.849   0.8889  0.91815 0.93755 0.9516  0.96235
 0.97   ]
alpha0.7000000000000001_beta0.7000000000000001 (snr=2.5)
	path-0 , [0.45535 0.6673  0.7831  0.8506  0.8919  0.9208  0.93945 0.95315 0.96365
 0.97065]
alpha0.7000000000000001_beta0.8 (snr=2.5)
	path-0 , [0.44395 0.6617  0.78025 0.8509  0.8937  0.9214  0.94055 0.9537  0.96395
 0.97145]
alpha0.7000000000000001_beta0.9 (snr=2.5)
	path-0 , [0.4317  0.65345 0.77715 0.8505  0.89395 0.9215  0.94025 0.9543  0.96455
 0.97215]
alpha0.8_beta0.1 (snr=2.5)
	path-0 , [0.42465 0.6036  0.7084  0.7768  0.82875 0.86875 0.89635 0.9194  0.93535
 0.94945]
alpha0.8_beta0.2 (snr=2.5)
	path-0 , [0.44035 0.6211  0.7252  0.79215 0.84035 0.878   0.90615 0.92625 0.9414
 0.95375]
alpha0.8_beta0.30000000000000004 (snr=2.5)
	path-0 , [0.44995 0.63515 0.73885 0.80515 0.8514  0.8876  0.91295 0.93165 0.94585
 0.9569 ]
alpha0.8_beta0.4 (snr=2.5)
	path-0 , [0.45205 0.64325 0.74955 0.815   0.85915 0.8957  0.91915 0.9356  0.94935
 0.95925]
alpha0.8_beta0.5 (snr=2.5)
	path-0 , [0.4522  0.6485  0.75735 0.82355 0.8661  0.89965 0.92285 0.9398  0.9524
 0.9612 ]
alpha0.8_beta0.6 (snr=2.5)
	path-0 , [0.4456  0.6521  0.7616  0.82895 0.87145 0.9037  0.926   0.94245 0.95475
 0.96355]
alpha0.8_beta0.7000000000000001 (snr=2.5)
	path-0 , [0.43665 0.6473  0.76245 0.83205 0.87605 0.9058  0.9277  0.94405 0.95635
 0.9647 ]
alpha0.8_beta0.8 (snr=2.5)
	path-0 , [0.4278  0.64315 0.7613  0.8335  0.878   0.90715 0.9297  0.94485 0.95745
 0.9659 ]
alpha0.8_beta0.9 (snr=2.5)
	path-0 , [0.41565 0.63635 0.75965 0.8349  0.87865 0.90825 0.931   0.946   0.9578
 0.9667 ]
alpha0.9_beta0.1 (snr=2.5)
	path-0 , [0.4024  0.57735 0.6804  0.7535  0.80545 0.84875 0.88065 0.9066  0.92575
 0.94145]
alpha0.9_beta0.2 (snr=2.5)
	path-0 , [0.4215  0.5985  0.70095 0.77035 0.81995 0.8619  0.8913  0.91445 0.93235
 0.94655]
alpha0.9_beta0.30000000000000004 (snr=2.5)
	path-0 , [0.43185 0.61185 0.7172  0.7864  0.8331  0.87065 0.8993  0.9209  0.9373
 0.9507 ]
alpha0.9_beta0.4 (snr=2.5)
	path-0 , [0.4368  0.6239  0.7293  0.7961  0.8421  0.87955 0.90685 0.9258  0.94215
 0.9539 ]
alpha0.9_beta0.5 (snr=2.5)
	path-0 , [0.4353  0.6298  0.7381  0.80605 0.85135 0.88735 0.91205 0.93045 0.94545
 0.95585]
alpha0.9_beta0.6 (snr=2.5)
	path-0 , [0.43095 0.63255 0.7441  0.813   0.8573  0.89155 0.9158  0.93345 0.94805
 0.958  ]
alpha0.9_beta0.7000000000000001 (snr=2.5)
	path-0 , [0.42245 0.6311  0.7482  0.81765 0.8617  0.8947  0.91845 0.93535 0.95005
 0.9596 ]
alpha0.9_beta0.8 (snr=2.5)
	path-0 , [0.4134  0.62535 0.7472  0.819   0.8651  0.89705 0.9193  0.9368  0.9514
 0.9604 ]
alpha0.9_beta0.9 (snr=2.5)
	path-0 , [0.40195 0.619   0.7451  0.82065 0.8673  0.8986  0.9213  0.9384  0.95225
 0.9619 ]