PAC(128-71)
L = 8
T = 0  Error Count = 30000
Rate-profile = rm-polar
design SNR = 3
Convolution poly = , [1 0 1 1 0 1 1]
CRC index = [15, 31, 47, 63, 79, 95, 111, 127] , CRC = 0 bits
Frozen-check = , [84, 88, 97, 98, 100, 104, 112] , Frozen-check = 7 bits
Mismatch = [84, 88, 97, 98, 100, 104, 112] , Mismatch-length = 0 , Mismatch-first = False
Enabling-Criterion =, Perfect
Running : AccuracyforFlipEveryPath , 
Decoding starting Time : 2025-09-09 15-15-48
Running Time : 331 min


SNR = [1.0, 1.5, 2.0]
FER = [0.31804641202599415, 0.16496846457970185, 0.06808923023151836]
average_decoding_attempt = [1.0, 1.0, 1.0]
everyBit (snr=1.0)
	path-0 , [0.41636667 0.61883333 0.72106667 0.77493333 0.79866667 0.7987
 0.84546667 0.86656667 0.8786     0.88353333 0.88353333 0.8914
 0.89626667 0.8984     0.8984     0.9005     0.90136667 0.90136667
 0.90186667 0.90186667]
	path-1 , [0.41473333 0.62166667 0.72203333 0.77463333 0.7982     0.79823333
 0.84463333 0.86666667 0.87986667 0.88466667 0.88466667 0.89286667
 0.89723333 0.8996     0.8996     0.90163333 0.90246667 0.90246667
 0.90316667 0.90316667]
	path-2 , [0.41393333 0.623      0.7242     0.77746667 0.80066667 0.80066667
 0.84676667 0.8683     0.88033333 0.88486667 0.88486667 0.89393333
 0.8987     0.9013     0.9013     0.9032     0.90413333 0.90413333
 0.90493333 0.90493333]
	path-3 , [0.4141     0.62163333 0.72386667 0.77563333 0.79843333 0.7985
 0.8466     0.86813333 0.88006667 0.88516667 0.88516667 0.89376667
 0.8982     0.9007     0.9007     0.90283333 0.9037     0.9037
 0.90433333 0.90433333]
	path-4 , [0.41533333 0.62436667 0.72726667 0.77923333 0.80213333 0.80213333
 0.8485     0.8701     0.8821     0.88756667 0.88756667 0.89596667
 0.9005     0.9029     0.9029     0.90506667 0.90606667 0.90606667
 0.90676667 0.90676667]
	path-5 , [0.41773333 0.62563333 0.726      0.77716667 0.8011     0.8011
 0.84656667 0.8687     0.8815     0.88713333 0.88713333 0.89543333
 0.90036667 0.903      0.903      0.9052     0.90606667 0.90606667
 0.90683333 0.90683333]
	path-6 , [0.4186     0.62666667 0.72783333 0.7801     0.80346667 0.8035
 0.84753333 0.8696     0.88193333 0.88746667 0.88746667 0.89513333
 0.9002     0.90253333 0.90253333 0.90456667 0.90556667 0.90556667
 0.9062     0.9062    ]
	path-7 , [0.41826667 0.62526667 0.72483333 0.77836667 0.8024     0.80246667
 0.84936667 0.8706     0.88396667 0.88956667 0.88956667 0.8982
 0.90286667 0.90543333 0.90543333 0.90746667 0.9085     0.9085
 0.90926667 0.90926667]
path_index = 0
	ranking_index = [15, 23, 27, 29, 39, 30, 43, 71, 84, 97, 45, 75, 88, 51, 98, 77, 46, 53, 83, 100]
	ranking_prob = [0.416352788240392, 0.20245991800273325, 0.10222992566914436, 0.05386487117096097, 0.04676510782973901, 0.023732542248591712, 0.02109929669011033, 0.019466017799406685, 0.01886603779874004, 0.014799506683110563, 0.012032932235592146, 0.00893303556548115, 0.00876637445418486, 0.007866404453184895, 0.007166427785740476, 0.006166461117962735, 0.004933168894370188, 0.004866504449851671, 0.004666511116296124, 0.0034665511149628344]
path_index = 1
	ranking_index = [15, 23, 27, 29, 39, 30, 43, 84, 71, 45, 97, 75, 51, 88, 98, 77, 83, 46, 53, 100]
	ranking_prob = [0.4147195093496883, 0.20692643578547382, 0.10036332122262591, 0.05259824672510916, 0.04639845338488717, 0.023565881137295422, 0.022032598913369554, 0.019732675577480752, 0.019132695576814105, 0.013199560014666177, 0.012966234458851372, 0.00893303556548115, 0.008199726675777475, 0.0075330822305923134, 0.006666444451851605, 0.005599813339555348, 0.0052664911169627675, 0.0047998400053331555, 0.004366521115962801, 0.0032998900036665443]
path_index = 2
	ranking_index = [15, 23, 27, 29, 39, 30, 43, 84, 71, 97, 45, 51, 75, 88, 98, 77, 83, 53, 46, 100]
	ranking_prob = [0.41391953601546616, 0.20905969801006632, 0.10119662677910736, 0.05326489117029432, 0.046098463384553846, 0.023199226692443585, 0.021532615579480684, 0.019399353354888172, 0.018999366687777075, 0.012466251124962502, 0.012032932235592146, 0.009066364454518182, 0.009066364454518182, 0.007866404453184895, 0.006333122229259025, 0.005466484450518316, 0.005166494450184994, 0.004766507783073898, 0.004533182227259091, 0.0031665611146295125]
path_index = 3
	ranking_index = [15, 23, 27, 29, 39, 30, 43, 84, 71, 45, 97, 75, 51, 88, 98, 77, 46, 83, 53, 100]
	ranking_prob = [0.4140861971267624, 0.20752641578614045, 0.10222992566914436, 0.05176494116862771, 0.04809839672010933, 0.022799240025332488, 0.021532615579480684, 0.019966001133295556, 0.019632678910702975, 0.011932935568814373, 0.00996633445551815, 0.009199693343555216, 0.00859971334288857, 0.008399720009333022, 0.006466451118296057, 0.0063664544515182825, 0.005099830005666478, 0.004866504449851671, 0.004433185560481318, 0.0033665544481850606]
path_index = 4
	ranking_index = [15, 23, 27, 29, 39, 30, 43, 84, 71, 45, 97, 75, 51, 88, 77, 46, 98, 83, 53, 100]
	ranking_prob = [0.415319489350355, 0.20902636578780706, 0.10289657011432952, 0.05196493450218326, 0.04636512116262791, 0.02289923669211026, 0.0215992800239992, 0.019632678910702975, 0.019232692243591882, 0.01199960001333289, 0.010166327789073698, 0.009766341121962601, 0.008399720009333022, 0.007899736675444151, 0.0063664544515182825, 0.005466484450518316, 0.005366487783740542, 0.00506649778340722, 0.004533182227259091, 0.002733242225259158]
path_index = 5
	ranking_index = [15, 23, 27, 29, 39, 30, 43, 84, 71, 45, 97, 75, 88, 51, 46, 77, 98, 53, 83, 54]
	ranking_prob = [0.41771940935302154, 0.2078930702309923, 0.10036332122262591, 0.05116496116796107, 0.04546515116162794, 0.023932535582147262, 0.022132595580147327, 0.02093263557881404, 0.01926602446585114, 0.012799573347555082, 0.010432985567147762, 0.009599680010666311, 0.008399720009333022, 0.008299723342555248, 0.005633145561814606, 0.005499816672777574, 0.0050331655611479615, 0.004933168894370188, 0.00489983667211093, 0.0026332455584813837]
path_index = 6
	ranking_index = [15, 23, 27, 29, 39, 30, 43, 84, 71, 45, 97, 75, 88, 51, 77, 46, 98, 53, 83, 54]
	ranking_prob = [0.4185860471317623, 0.20805973134228858, 0.10116329455684811, 0.05226492450251658, 0.04403186560447985, 0.023365887803739875, 0.02206593113562881, 0.020232658911369623, 0.020032665577814072, 0.01233292223592547, 0.010766307789740342, 0.009666344455184828, 0.008466384453851538, 0.007666411119629346, 0.0058998033398886705, 0.005533148895036832, 0.00523315889470351, 0.00506649778340722, 0.0047998400053331555, 0.002333255558148062]
path_index = 7
	ranking_index = [15, 23, 27, 29, 39, 30, 43, 71, 84, 45, 75, 97, 51, 88, 77, 46, 98, 53, 83, 54]
	ranking_prob = [0.4182527249091697, 0.20699310022999234, 0.09956334788840372, 0.05353154894836839, 0.04689843671877604, 0.024032532248925036, 0.02123262557914736, 0.018799373354221525, 0.01836605446485117, 0.013366221125962467, 0.01046631778940702, 0.009866337788740376, 0.008633045565147828, 0.008466384453851538, 0.006033132228925702, 0.005599813339555348, 0.005433152228259058, 0.004666511116296124, 0.004466517782740575, 0.002566581113962868]
everyBit (snr=1.5)
	path-0 , [0.4173     0.62963333 0.7313     0.78146667 0.8063     0.80633333
 0.8547     0.87556667 0.88833333 0.89256667 0.89256667 0.90013333
 0.90343333 0.90483333 0.90483333 0.90653333 0.9073     0.9073
 0.9078     0.9078    ]
	path-1 , [0.41713333 0.6287     0.73336667 0.7837     0.80883333 0.8089
 0.85726667 0.87833333 0.8915     0.89636667 0.89636667 0.90303333
 0.9066     0.90806667 0.90806667 0.90966667 0.91016667 0.91016667
 0.9105     0.9105    ]
	path-2 , [0.4199     0.63136667 0.73423333 0.78546667 0.8111     0.81113333
 0.85843333 0.87846667 0.89083333 0.89506667 0.89506667 0.9022
 0.90553333 0.9073     0.9073     0.909      0.90956667 0.90956667
 0.90996667 0.90996667]
	path-3 , [0.4215     0.63303333 0.73413333 0.7859     0.81086667 0.8109
 0.85716667 0.878      0.8907     0.89566667 0.89566667 0.90293333
 0.90643333 0.90833333 0.90833333 0.90993333 0.91063333 0.91063333
 0.91106667 0.91106667]
	path-4 , [0.41833333 0.63273333 0.73516667 0.78563333 0.81106667 0.8111
 0.85886667 0.8799     0.89236667 0.89716667 0.89716667 0.9044
 0.90763333 0.90923333 0.90923333 0.9109     0.91166667 0.91166667
 0.9121     0.9121    ]
	path-5 , [0.41986667 0.63253333 0.73576667 0.78746667 0.8125     0.81253333
 0.86103333 0.88106667 0.89343333 0.89793333 0.89793333 0.9055
 0.90883333 0.9105     0.9105     0.9121     0.91283333 0.91283333
 0.91323333 0.91323333]
	path-6 , [0.41853333 0.63213333 0.736      0.78736667 0.81176667 0.81176667
 0.85866667 0.8806     0.8928     0.8972     0.8972     0.9047
 0.90806667 0.9096     0.9096     0.91163333 0.91213333 0.91213333
 0.91256667 0.91256667]
	path-7 , [0.41903333 0.63016667 0.7318     0.78396667 0.80943333 0.80946667
 0.85896667 0.88013333 0.89196667 0.8962     0.8962     0.90363333
 0.90726667 0.9092     0.9092     0.91066667 0.91153333 0.91153333
 0.91196667 0.91196667]
path_index = 0
	ranking_index = [15, 23, 27, 29, 39, 30, 43, 84, 71, 97, 45, 88, 51, 75, 98, 83, 77, 46, 100, 53]
	ranking_prob = [0.4172860904636512, 0.21232625579147363, 0.10166327789073698, 0.05016499450018333, 0.048365054498183395, 0.02483250558314723, 0.020865971134295523, 0.019832672244258526, 0.015832805573147563, 0.014166194460184661, 0.012766241125295823, 0.00909969667677744, 0.007566414452851572, 0.007333088897036766, 0.007133095563481217, 0.00489983667211093, 0.004699843338555381, 0.004233192226925769, 0.0034665511149628344, 0.0032998900036665443]
path_index = 1
	ranking_index = [15, 23, 27, 29, 39, 30, 43, 84, 71, 45, 97, 88, 75, 51, 98, 77, 46, 83, 53, 100]
	ranking_prob = [0.4171194293523549, 0.21155961467951068, 0.1046631778940702, 0.05033165561147962, 0.048365054498183395, 0.02513249558348055, 0.02106596446785107, 0.019366021132628912, 0.015032832238925369, 0.01316622779240692, 0.012599580013999533, 0.009299690010332989, 0.007999733342221926, 0.006666444451851605, 0.006066464451184961, 0.0050331655611479615, 0.004866504449851671, 0.004599846671777608, 0.0035665477817406087, 0.003099896670110996]
path_index = 2
	ranking_index = [15, 23, 27, 29, 39, 30, 43, 84, 71, 45, 97, 88, 75, 51, 98, 77, 83, 46, 53, 100]
	ranking_prob = [0.41988600379987334, 0.21145961801273291, 0.10286323789207026, 0.051231625612479584, 0.047298423385887134, 0.02563247891736942, 0.020032665577814072, 0.019832672244258526, 0.016499450018332723, 0.012366254458184726, 0.011332955568147729, 0.008899703343221892, 0.007866404453184895, 0.007133095563481217, 0.005933135562147928, 0.005333155561481284, 0.0045665144495183494, 0.004233192226925769, 0.0033332222259258026, 0.0032665577814072863]
path_index = 3
	ranking_index = [15, 23, 27, 29, 39, 30, 43, 84, 71, 45, 97, 88, 75, 51, 98, 46, 77, 83, 53, 100]
	ranking_prob = [0.4214859504683177, 0.2115262824572514, 0.10109663011232958, 0.05176494116862771, 0.046265124495850136, 0.02496583447218426, 0.020832638912036266, 0.0199326689110363, 0.016466117796073463, 0.012699576680777307, 0.010232992233592213, 0.009033032232258926, 0.008466384453851538, 0.007266424452518249, 0.006166461117962735, 0.004966501116629446, 0.004666511116296124, 0.004033198893370221, 0.0034998833372220928, 0.0034332188927035765]
path_index = 4
	ranking_index = [15, 23, 27, 29, 39, 30, 43, 84, 71, 45, 97, 75, 88, 51, 98, 77, 46, 83, 53, 100]
	ranking_prob = [0.41831938935368823, 0.2143928535715476, 0.1024299190026999, 0.050464984500516646, 0.04776507449751675, 0.025432485583813873, 0.021032632245591813, 0.019532682243925202, 0.01686610446318456, 0.012466251124962502, 0.010166327789073698, 0.008966367787740409, 0.008499716676110797, 0.0072330922302589916, 0.00556648111729609, 0.004999833338888704, 0.0047998400053331555, 0.004166527782407253, 0.0032332255591480284, 0.0020332655578147395]
path_index = 5
	ranking_index = [15, 23, 27, 29, 39, 30, 43, 84, 71, 45, 97, 88, 75, 51, 77, 98, 46, 83, 53, 100]
	ranking_prob = [0.4198526715776141, 0.2126595780140662, 0.1032298923369221, 0.0516982767241092, 0.04849838338722043, 0.025032498916702776, 0.020032665577814072, 0.01753274890836972, 0.017166094463517884, 0.012366254458184726, 0.010766307789740342, 0.008633045565147828, 0.00843305223159228, 0.007566414452851572, 0.005133162227925736, 0.004866504449851671, 0.0044998500049998336, 0.003966534448851705, 0.0033332222259258026, 0.00236658778040732]
path_index = 6
	ranking_index = [15, 23, 27, 29, 39, 30, 43, 84, 71, 45, 97, 88, 75, 51, 77, 98, 46, 83, 53, 100]
	ranking_prob = [0.41851938268724376, 0.21359288023732542, 0.103863204559848, 0.05136495450151662, 0.04689843671877604, 0.024399186693776873, 0.02193260224659178, 0.020465984467184426, 0.016499450018332723, 0.012199593346888436, 0.010432985567147762, 0.008533048898370055, 0.008166394453518216, 0.007499750008333056, 0.00489983667211093, 0.00473317556081464, 0.004399853338222059, 0.004099863337888737, 0.0033665544481850606, 0.002933235558814706]
path_index = 7
	ranking_index = [15, 23, 27, 29, 39, 30, 43, 84, 71, 45, 97, 88, 75, 51, 77, 98, 83, 46, 53, 100]
	ranking_prob = [0.41901936602113266, 0.21112629579014033, 0.10162994566847772, 0.05216492783573881, 0.04949835005499817, 0.02546581780607313, 0.021165961134628847, 0.018499383353888205, 0.01753274890836972, 0.0118329389020366, 0.010232992233592213, 0.009566347788407053, 0.008333055564814507, 0.007433085563814539, 0.005333155561481284, 0.00506649778340722, 0.004699843338555381, 0.004233192226925769, 0.0036332122262591245, 0.002299923335888804]
everyBit (snr=2.0)
	path-0 , [0.4251     0.6415     0.74576667 0.79846667 0.82426667 0.82426667
 0.87083333 0.88943333 0.90063333 0.90426667 0.90426667 0.91033333
 0.9131     0.9146     0.9146     0.9156     0.91613333 0.91613333
 0.91643333 0.91643333]
	path-1 , [0.42303333 0.64226667 0.7446     0.79876667 0.8248     0.8248
 0.871      0.89056667 0.9018     0.9056     0.9056     0.9117
 0.9149     0.91663333 0.91663333 0.9177     0.918      0.918
 0.9184     0.9184    ]
	path-2 , [0.42303333 0.64346667 0.74616667 0.79993333 0.82586667 0.82586667
 0.87196667 0.89103333 0.90223333 0.90573333 0.90573333 0.91196667
 0.9149     0.91663333 0.91663333 0.91766667 0.9181     0.9181
 0.9185     0.9185    ]
	path-3 , [0.42493333 0.64203333 0.74566667 0.79773333 0.8241     0.8241
 0.87153333 0.89136667 0.90236667 0.90646667 0.90646667 0.9129
 0.91573333 0.9172     0.9172     0.9183     0.91873333 0.91873333
 0.9191     0.9191    ]
	path-4 , [0.42513333 0.64836667 0.74793333 0.80086667 0.82736667 0.82736667
 0.87343333 0.89256667 0.9034     0.90703333 0.90703333 0.9129
 0.91546667 0.91713333 0.91713333 0.91806667 0.9184     0.9184
 0.9188     0.9188    ]
	path-5 , [0.42616667 0.64246667 0.7447     0.79803333 0.82396667 0.82396667
 0.87146667 0.89076667 0.90203333 0.9059     0.9059     0.91256667
 0.9158     0.91716667 0.91716667 0.9181     0.9185     0.9185
 0.9189     0.9189    ]
	path-6 , [0.42236667 0.6419     0.7457     0.799      0.82543333 0.82543333
 0.8722     0.89246667 0.90343333 0.90733333 0.90733333 0.91373333
 0.91673333 0.91816667 0.91816667 0.91923333 0.91973333 0.91973333
 0.92013333 0.92013333]
	path-7 , [0.42656667 0.64393333 0.74786667 0.8008     0.82756667 0.82756667
 0.87356667 0.89323333 0.90423333 0.90806667 0.90806667 0.9137
 0.9165     0.91816667 0.91816667 0.9194     0.91993333 0.91993333
 0.9204     0.9204    ]
path_index = 0
	ranking_index = [15, 23, 27, 29, 39, 30, 43, 84, 97, 71, 45, 88, 98, 75, 51, 83, 77, 100, 46, 53]
	ranking_prob = [0.42508583047231757, 0.2163927869071031, 0.1042631912269591, 0.05269824339188694, 0.04656511449618346, 0.02579914002866571, 0.018599380020665978, 0.01823272557581414, 0.014466184460517983, 0.012399586680443985, 0.011199626679110695, 0.00826639112029599, 0.006933102229925669, 0.006266457784740508, 0.006066464451184961, 0.0042665244491850276, 0.004166527782407253, 0.004099863337888737, 0.0036332122262591245, 0.002766574447518416]
path_index = 1
	ranking_index = [15, 23, 27, 29, 39, 30, 43, 84, 97, 71, 45, 88, 98, 75, 51, 46, 77, 100, 83, 53]
	ranking_prob = [0.4230192326922436, 0.21922602579914002, 0.10232992233592214, 0.05416486117129429, 0.04619846005133162, 0.026032465584480517, 0.019566014466184462, 0.017966067797740074, 0.012799573347555082, 0.01233292223592547, 0.011232958901369954, 0.008399720009333022, 0.007066431118962701, 0.006333122229259025, 0.006099796673444218, 0.0037998733375554147, 0.0037998733375554147, 0.0035665477817406087, 0.0034998833372220928, 0.0031998933368887704]
path_index = 2
	ranking_index = [15, 23, 27, 29, 39, 30, 43, 84, 71, 97, 45, 88, 75, 51, 98, 83, 77, 46, 53, 100]
	ranking_prob = [0.4230192326922436, 0.22042598580047332, 0.10269657678077397, 0.05376487450418319, 0.046098463384553846, 0.025932468917702744, 0.019066031132295592, 0.017999400019999334, 0.012932902236592114, 0.011399620012666244, 0.011199626679110695, 0.00876637445418486, 0.006499783340555315, 0.006233125562481251, 0.006166461117962735, 0.0045665144495183494, 0.003866537782073931, 0.0034998833372220928, 0.002933235558814706, 0.002799906669777674]
path_index = 3
	ranking_index = [15, 23, 27, 29, 39, 30, 43, 84, 71, 97, 45, 88, 75, 51, 98, 83, 46, 77, 53, 100]
	ranking_prob = [0.4249191693610213, 0.21709276357454751, 0.1036298790040332, 0.052064931168961034, 0.04743175227492417, 0.026365787807073097, 0.019832672244258526, 0.018632712242925235, 0.012432918902703243, 0.01166627779074031, 0.010999633345555149, 0.00859971334288857, 0.007033098896703443, 0.006433118896036798, 0.00556648111729609, 0.004366521115962801, 0.004099863337888737, 0.003833205559814673, 0.0028332388920369322, 0.002499916669444352]
path_index = 4
	ranking_index = [15, 23, 27, 29, 39, 30, 43, 84, 71, 97, 45, 88, 75, 51, 98, 77, 83, 46, 100, 53]
	ranking_prob = [0.42511916269457684, 0.223225892470251, 0.09956334788840372, 0.05293156894770174, 0.04606513116229459, 0.02649911669611013, 0.019132695576814105, 0.017932735575480818, 0.0134995500149995, 0.01129962334588847, 0.010832972234258859, 0.009299690010332989, 0.006099796673444218, 0.005866471117629412, 0.005499816672777574, 0.004133195560147995, 0.003833205559814673, 0.0036332122262591245, 0.002766574447518416, 0.002566581113962868]
path_index = 5
	ranking_index = [15, 23, 27, 29, 39, 30, 43, 84, 71, 45, 97, 88, 51, 75, 98, 83, 77, 46, 53, 100]
	ranking_prob = [0.42615246158461384, 0.21629279024032533, 0.10222992566914436, 0.05333155561481284, 0.04749841671944269, 0.025932468917702744, 0.019299356688110395, 0.019166027799073365, 0.012932902236592114, 0.011266291123629212, 0.011032965567814405, 0.008999700009999667, 0.006666444451851605, 0.0065997800073330885, 0.005466484450518316, 0.004233192226925769, 0.003933202226592447, 0.003866537782073931, 0.0032332255591480284, 0.00253324889170361]
path_index = 6
	ranking_index = [15, 23, 27, 29, 39, 30, 43, 84, 71, 97, 45, 88, 75, 51, 98, 77, 83, 46, 53, 100]
	ranking_prob = [0.42235258824705846, 0.21952601579947334, 0.10379654011532949, 0.05329822339255358, 0.04676510782973901, 0.026432452251591614, 0.02026599113362888, 0.018166061131295624, 0.013532882237258757, 0.011399620012666244, 0.01096630112329589, 0.008533048898370055, 0.006666444451851605, 0.006399786673777541, 0.00473317556081464, 0.004133195560147995, 0.003999866671110963, 0.003899870004333189, 0.0029999000033332224, 0.0023999200026665777]
path_index = 7
	ranking_index = [15, 23, 27, 29, 39, 30, 43, 84, 71, 45, 97, 88, 75, 98, 51, 77, 83, 46, 53, 100]
	ranking_prob = [0.42655244825172495, 0.21735942135262157, 0.10392986900436652, 0.05293156894770174, 0.045998466717776076, 0.026765774474184195, 0.019666011132962236, 0.01769941001966601, 0.014099530015666144, 0.010999633345555149, 0.010332988900369988, 0.008699710009666345, 0.006333122229259025, 0.005699810006333122, 0.005633145561814606, 0.004833172227592414, 0.004066531115629479, 0.003833205559814673, 0.002799906669777674, 0.0020332655578147395]