PAC(128-71)
L = 8
T = 0  Error Count = 10000
Rate-profile = rm-polar
design SNR = 3
Convolution poly = , [1 0 1 1 0 1 1]
CRC index = [15, 31, 47, 63, 79, 95, 111, 127] , CRC = 0 bits
Frozen-check = , [84, 88, 97, 98, 100, 104, 112] , Frozen-check = 7 bits
Mismatch = [84, 88, 97, 98, 100, 104, 112] , Mismatch-length = 0 , Mismatch-first = False
Enabling-Criterion =, Perfect
Running : AccuracyFlippath , 
Decoding starting Time : 2025-09-06 15-28-06
Running Time : 303 min


SNR = [1.0, 1.5, 2.0, 2.5]
FER = [0.3233953112368634, 0.1648779201081491, 0.06889164427912103, 0.021206755796817186]
average_decoding_attempt = [1.0, 1.0, 1.0, 1.0]
alpha1.0 (snr=1.0)
	[0.1155 0.2083 0.2906 0.3599 0.4196 0.4744 0.5316 0.586  0.6336 0.678
 0.72   0.7606 0.7982 0.8278 0.8556 0.8788 0.9004 0.9192 0.9371 0.9504]
alpha1.1 (snr=1.0)
	[0.1858 0.3313 0.4401 0.5268 0.5971 0.6509 0.6968 0.7388 0.7741 0.8058
 0.8346 0.8563 0.8795 0.8987 0.9171 0.9318 0.9422 0.9543 0.9633 0.9725]
alpha1.2000000000000002 (snr=1.0)
	[0.2101 0.3813 0.5155 0.6111 0.6796 0.7339 0.7739 0.8081 0.8363 0.8585
 0.8789 0.8987 0.9148 0.9278 0.9379 0.9485 0.958  0.9673 0.9734 0.9794]
alpha1.3000000000000003 (snr=1.0)
	[0.2173 0.3987 0.5383 0.6407 0.7055 0.7614 0.8012 0.8338 0.8606 0.882
 0.8992 0.9142 0.928  0.9379 0.9484 0.9566 0.9639 0.9705 0.9775 0.9823]
alpha1.4000000000000004 (snr=1.0)
	[0.222  0.404  0.5463 0.6479 0.719  0.7748 0.8141 0.8438 0.8682 0.8886
 0.9065 0.92   0.9312 0.942  0.9517 0.96   0.9661 0.9736 0.9794 0.983 ]
alpha1.5000000000000004 (snr=1.0)
	[0.2223 0.4058 0.5492 0.6532 0.7237 0.7758 0.8155 0.8446 0.8669 0.8877
 0.9065 0.9198 0.9323 0.9436 0.9529 0.9612 0.9664 0.973  0.9792 0.9834]
alpha1.6000000000000005 (snr=1.0)
	[0.2232 0.4042 0.5513 0.6541 0.7243 0.7767 0.8155 0.8438 0.8659 0.887
 0.9041 0.9176 0.9318 0.9425 0.952  0.9606 0.9669 0.9731 0.9784 0.983 ]
alpha1.7000000000000006 (snr=1.0)
	[0.2212 0.4052 0.5543 0.6544 0.7237 0.7756 0.8117 0.8401 0.8628 0.8828
 0.8991 0.9153 0.9307 0.9419 0.9506 0.9603 0.9667 0.9723 0.9783 0.9829]
alpha1.8000000000000007 (snr=1.0)
	[0.2227 0.4064 0.5524 0.6545 0.7245 0.7733 0.8089 0.8371 0.861  0.8811
 0.8958 0.9124 0.9271 0.9403 0.95   0.9596 0.9658 0.9723 0.9774 0.9818]
alpha1.9000000000000008 (snr=1.0)
	[0.2219 0.4079 0.5528 0.6555 0.7242 0.7721 0.8071 0.8341 0.8584 0.8784
 0.8947 0.9094 0.925  0.9371 0.9489 0.9583 0.9655 0.9713 0.9761 0.9816]
alpha2.000000000000001 (snr=1.0)
	[0.2221 0.4067 0.5528 0.6558 0.7238 0.7709 0.8053 0.8324 0.856  0.8745
 0.8924 0.9073 0.9213 0.935  0.9468 0.9573 0.9648 0.9707 0.9748 0.9811]
alpha2.100000000000001 (snr=1.0)
	[0.2222 0.4056 0.5529 0.654  0.7244 0.771  0.8037 0.8305 0.853  0.8715
 0.8895 0.9053 0.9195 0.9333 0.9452 0.9561 0.9633 0.9703 0.9746 0.9805]
alpha2.200000000000001 (snr=1.0)
	[0.2226 0.4032 0.553  0.6538 0.7243 0.7704 0.8031 0.829  0.8506 0.8693
 0.8864 0.9033 0.9178 0.9317 0.9441 0.9548 0.9624 0.9702 0.9745 0.9808]
alpha2.300000000000001 (snr=1.0)
	[0.2218 0.4023 0.5538 0.6538 0.7244 0.7696 0.802  0.8272 0.8481 0.8671
 0.8828 0.9013 0.9164 0.9302 0.9421 0.9542 0.9621 0.9698 0.9743 0.9805]
alpha2.4000000000000012 (snr=1.0)
	[0.2203 0.4025 0.5536 0.6542 0.7235 0.7686 0.8006 0.8255 0.8464 0.8646
 0.8809 0.8987 0.9151 0.9283 0.9405 0.953  0.9615 0.9688 0.9738 0.9792]
alpha2.5000000000000013 (snr=1.0)
	[0.2199 0.4006 0.5537 0.6538 0.7226 0.768  0.8001 0.8235 0.8445 0.8627
 0.8791 0.8969 0.9131 0.927  0.9399 0.9517 0.9605 0.9685 0.9733 0.9785]
alpha1.0 (snr=1.5)
	[0.1241 0.2203 0.304  0.3713 0.4326 0.4932 0.5542 0.6055 0.6529 0.6996
 0.7386 0.7766 0.8103 0.8387 0.8672 0.8908 0.9108 0.931  0.9466 0.9596]
alpha1.1 (snr=1.5)
	[0.2096 0.3604 0.4727 0.5556 0.6234 0.6787 0.7248 0.7628 0.7966 0.827
 0.8541 0.8759 0.8968 0.9161 0.9317 0.9453 0.956  0.9648 0.9734 0.9793]
alpha1.2000000000000002 (snr=1.5)
	[0.2428 0.425  0.5578 0.6471 0.718  0.768  0.8072 0.8391 0.8638 0.8854
 0.9039 0.9184 0.9319 0.9453 0.9549 0.9636 0.9701 0.9772 0.9824 0.9859]
alpha1.3000000000000003 (snr=1.5)
	[0.2538 0.4426 0.588  0.6796 0.7509 0.8004 0.841  0.8668 0.8881 0.9046
 0.9203 0.9339 0.9443 0.954  0.9612 0.9692 0.9757 0.9806 0.9849 0.9878]
alpha1.4000000000000004 (snr=1.5)
	[0.2581 0.4511 0.5977 0.6979 0.7639 0.8124 0.8493 0.8759 0.8953 0.9113
 0.9257 0.9386 0.9491 0.9581 0.9649 0.9715 0.9765 0.9812 0.9858 0.989 ]
alpha1.5000000000000004 (snr=1.5)
	[0.2602 0.4551 0.6042 0.7034 0.767  0.8162 0.8511 0.8736 0.8941 0.9121
 0.9271 0.9396 0.9504 0.9593 0.9657 0.9716 0.977  0.9812 0.986  0.9888]
alpha1.6000000000000005 (snr=1.5)
	[0.2588 0.4547 0.6066 0.707  0.7696 0.8154 0.8515 0.873  0.8931 0.9117
 0.9258 0.9387 0.9495 0.9592 0.9661 0.972  0.9768 0.9819 0.986  0.9887]
alpha1.7000000000000006 (snr=1.5)
	[0.2597 0.4522 0.6059 0.7056 0.7705 0.8145 0.8487 0.8718 0.8931 0.9116
 0.9257 0.9378 0.9485 0.9583 0.9658 0.9714 0.9765 0.9822 0.9854 0.9885]
alpha1.8000000000000007 (snr=1.5)
	[0.2593 0.4503 0.6039 0.7059 0.7703 0.8128 0.8451 0.87   0.8886 0.9087
 0.924  0.9354 0.9466 0.9564 0.9643 0.9709 0.976  0.9817 0.985  0.9888]
alpha1.9000000000000008 (snr=1.5)
	[0.256  0.4463 0.6032 0.7057 0.7702 0.8122 0.8431 0.8672 0.8872 0.9063
 0.9205 0.9337 0.9444 0.9551 0.9634 0.9694 0.9755 0.9812 0.985  0.9883]
alpha2.000000000000001 (snr=1.5)
	[0.2554 0.4436 0.6019 0.7049 0.768  0.8104 0.8416 0.8651 0.8845 0.9038
 0.9181 0.9314 0.9425 0.9532 0.9621 0.9685 0.9751 0.9807 0.985  0.988 ]
alpha2.100000000000001 (snr=1.5)
	[0.2527 0.4402 0.6008 0.7041 0.7672 0.809  0.8399 0.8637 0.883  0.9009
 0.9155 0.9291 0.9404 0.9514 0.9606 0.9677 0.9745 0.9805 0.9845 0.9879]
alpha2.200000000000001 (snr=1.5)
	[0.2516 0.4387 0.5998 0.7043 0.7669 0.8082 0.838  0.8615 0.8804 0.8996
 0.9142 0.9274 0.9394 0.9498 0.9597 0.9668 0.9737 0.9791 0.9842 0.9877]
alpha2.300000000000001 (snr=1.5)
	[0.2499 0.4358 0.5986 0.7027 0.7652 0.8073 0.8363 0.8594 0.8794 0.8975
 0.9114 0.925  0.9372 0.9485 0.9576 0.9659 0.9732 0.9781 0.9839 0.9871]
alpha2.4000000000000012 (snr=1.5)
	[0.2475 0.4349 0.5974 0.7012 0.7646 0.8067 0.8352 0.8581 0.8775 0.8953
 0.9098 0.9235 0.9356 0.9474 0.9568 0.9654 0.9727 0.9775 0.9837 0.987 ]
alpha2.5000000000000013 (snr=1.5)
	[0.2459 0.4338 0.5966 0.701  0.7639 0.8066 0.8345 0.8566 0.8764 0.8938
 0.9076 0.9218 0.9335 0.9463 0.9563 0.965  0.9721 0.9767 0.9833 0.9865]
alpha1.0 (snr=2.0)
	[0.1241 0.2172 0.3003 0.3726 0.4359 0.495  0.5522 0.6092 0.6615 0.7083
 0.7485 0.7843 0.8171 0.8467 0.8737 0.8958 0.9135 0.9313 0.9458 0.9578]
alpha1.1 (snr=2.0)
	[0.2126 0.377  0.4884 0.578  0.643  0.6984 0.7421 0.7807 0.8144 0.8445
 0.8706 0.8913 0.91   0.9258 0.9384 0.9512 0.9604 0.9682 0.9759 0.982 ]
alpha1.2000000000000002 (snr=2.0)
	[0.2545 0.4461 0.5841 0.6773 0.7446 0.7982 0.8344 0.8633 0.8867 0.9042
 0.919  0.9318 0.9434 0.9538 0.9625 0.9701 0.9763 0.981  0.985  0.9886]
alpha1.3000000000000003 (snr=2.0)
	[0.2664 0.4707 0.6198 0.7164 0.7828 0.8309 0.8649 0.8914 0.9109 0.9263
 0.94   0.9507 0.9591 0.9676 0.9726 0.9774 0.9813 0.9849 0.989  0.9914]
alpha1.4000000000000004 (snr=2.0)
	[0.2718 0.4819 0.6321 0.7313 0.7953 0.8432 0.8773 0.9014 0.9232 0.937
 0.9492 0.9581 0.9649 0.9724 0.9758 0.9797 0.9836 0.9875 0.9903 0.9921]
alpha1.5000000000000004 (snr=2.0)
	[0.2741 0.4831 0.6368 0.7369 0.7989 0.8468 0.8811 0.905  0.9261 0.9398
 0.9518 0.9597 0.9657 0.9726 0.9778 0.981  0.9846 0.9879 0.9903 0.9918]
alpha1.6000000000000005 (snr=2.0)
	[0.2728 0.4846 0.638  0.7376 0.8003 0.8503 0.8811 0.9054 0.9265 0.9403
 0.951  0.959  0.9657 0.9725 0.9782 0.9812 0.984  0.9871 0.9899 0.9919]
alpha1.7000000000000006 (snr=2.0)
	[0.2714 0.4806 0.6393 0.7397 0.8021 0.8505 0.8799 0.9017 0.9222 0.9388
 0.9503 0.959  0.9652 0.9711 0.9772 0.9803 0.9836 0.9869 0.9896 0.9916]
alpha1.8000000000000007 (snr=2.0)
	[0.2698 0.4781 0.6386 0.7419 0.8026 0.8491 0.8779 0.8997 0.9201 0.9373
 0.9481 0.9575 0.9648 0.9703 0.9754 0.9803 0.9834 0.9864 0.989  0.9915]
alpha1.9000000000000008 (snr=2.0)
	[0.2682 0.4748 0.6379 0.7427 0.802  0.8485 0.8771 0.8986 0.9177 0.9351
 0.9468 0.956  0.9626 0.9694 0.9744 0.9799 0.9831 0.9865 0.9885 0.9914]
alpha2.000000000000001 (snr=2.0)
	[0.2657 0.4724 0.6378 0.7427 0.8007 0.8465 0.8755 0.8965 0.9157 0.9323
 0.9442 0.9544 0.9621 0.9686 0.9739 0.9793 0.983  0.9861 0.9884 0.9912]
alpha2.100000000000001 (snr=2.0)
	[0.2644 0.469  0.6361 0.7408 0.8022 0.846  0.874  0.895  0.914  0.9298
 0.9425 0.9535 0.9611 0.9677 0.9733 0.9789 0.9824 0.9856 0.988  0.9909]
alpha2.200000000000001 (snr=2.0)
	[0.2637 0.4682 0.633  0.7406 0.8019 0.8447 0.8727 0.894  0.9124 0.9275
 0.9404 0.9515 0.9599 0.967  0.9724 0.9778 0.9817 0.9855 0.9881 0.9905]
alpha2.300000000000001 (snr=2.0)
	[0.2618 0.467  0.6316 0.7391 0.8015 0.8436 0.8717 0.8923 0.9106 0.9263
 0.9389 0.9502 0.9593 0.9658 0.9715 0.9776 0.9817 0.985  0.9877 0.9905]
alpha2.4000000000000012 (snr=2.0)
	[0.2594 0.4642 0.63   0.7379 0.8012 0.8421 0.8705 0.8917 0.9092 0.9247
 0.9379 0.9491 0.9577 0.9649 0.9707 0.9765 0.9815 0.9847 0.9877 0.9906]
alpha2.5000000000000013 (snr=2.0)
	[0.2577 0.4601 0.6284 0.7376 0.8    0.8413 0.8693 0.8903 0.908  0.9235
 0.9364 0.9479 0.9566 0.9644 0.97   0.976  0.981  0.985  0.9876 0.9903]
alpha1.0 (snr=2.5)
	[0.1382 0.2395 0.3222 0.3914 0.4597 0.5209 0.5792 0.6286 0.6755 0.7167
 0.7569 0.793  0.826  0.8518 0.8784 0.8991 0.9164 0.9331 0.9445 0.9556]
alpha1.1 (snr=2.5)
	[0.2385 0.4109 0.5284 0.6106 0.6738 0.7273 0.767  0.805  0.8361 0.8607
 0.8818 0.8996 0.9165 0.9308 0.9435 0.9536 0.9622 0.9689 0.9745 0.9802]
alpha1.2000000000000002 (snr=2.5)
	[0.288  0.4956 0.633  0.7191 0.7827 0.8256 0.8594 0.886  0.9068 0.9215
 0.9342 0.9447 0.9546 0.9635 0.9702 0.9759 0.9796 0.9831 0.9862 0.9881]
alpha1.3000000000000003 (snr=2.5)
	[0.3077 0.5279 0.6692 0.7641 0.8269 0.8696 0.8997 0.9191 0.9336 0.9468
 0.9561 0.9641 0.9704 0.9756 0.9799 0.9833 0.9859 0.9884 0.9905 0.9917]
alpha1.4000000000000004 (snr=2.5)
	[0.3146 0.5387 0.6858 0.7808 0.8464 0.8878 0.9142 0.9306 0.9454 0.955
 0.9647 0.9714 0.9766 0.9808 0.9849 0.9874 0.9893 0.9907 0.9921 0.9926]
alpha1.5000000000000004 (snr=2.5)
	[0.3154 0.542  0.6951 0.79   0.8522 0.8926 0.9178 0.9351 0.9497 0.9593
 0.9676 0.9744 0.9795 0.9838 0.9866 0.9882 0.9902 0.9916 0.9925 0.9933]
alpha1.6000000000000005 (snr=2.5)
	[0.3153 0.5427 0.6989 0.7951 0.8554 0.8944 0.921  0.9377 0.9503 0.9596
 0.9674 0.975  0.9796 0.9838 0.9869 0.9892 0.9912 0.9922 0.9927 0.9933]
alpha1.7000000000000006 (snr=2.5)
	[0.3143 0.5402 0.6985 0.7951 0.8547 0.8949 0.9188 0.9367 0.9501 0.9584
 0.9665 0.9745 0.9801 0.9835 0.987  0.9889 0.9907 0.9921 0.9929 0.9934]
alpha1.8000000000000007 (snr=2.5)
	[0.3127 0.5366 0.6973 0.7963 0.8552 0.896  0.9189 0.9364 0.9493 0.9585
 0.9662 0.9736 0.9794 0.9833 0.9868 0.9892 0.9905 0.992  0.9929 0.9934]
alpha1.9000000000000008 (snr=2.5)
	[0.3096 0.5339 0.6956 0.7955 0.8566 0.8943 0.9177 0.9354 0.948  0.958
 0.9655 0.973  0.9781 0.9826 0.9862 0.9889 0.9904 0.9916 0.9929 0.9935]
alpha2.000000000000001 (snr=2.5)
	[0.3095 0.5313 0.695  0.7948 0.8565 0.8926 0.9169 0.9342 0.9473 0.9568
 0.9646 0.9721 0.9771 0.9825 0.985  0.988  0.9901 0.9914 0.9927 0.9935]
alpha2.100000000000001 (snr=2.5)
	[0.3085 0.5274 0.6958 0.796  0.8561 0.892  0.9161 0.9316 0.9459 0.9558
 0.9633 0.971  0.9763 0.9815 0.9848 0.9876 0.9897 0.9914 0.9926 0.9937]
alpha2.200000000000001 (snr=2.5)
	[0.3059 0.5231 0.6966 0.7963 0.8558 0.8919 0.9152 0.931  0.9448 0.9547
 0.9623 0.9698 0.9752 0.9806 0.9846 0.9872 0.9893 0.991  0.9923 0.9936]
alpha2.300000000000001 (snr=2.5)
	[0.3056 0.5217 0.6947 0.7962 0.8544 0.8904 0.9143 0.9298 0.9442 0.9541
 0.9619 0.9688 0.9743 0.9805 0.9842 0.9868 0.9893 0.991  0.9926 0.9936]
alpha2.4000000000000012 (snr=2.5)
	[0.3049 0.5203 0.6933 0.7944 0.8538 0.8894 0.9133 0.9288 0.9432 0.9537
 0.9614 0.9682 0.9735 0.9793 0.9842 0.9869 0.9891 0.9909 0.9925 0.9934]
alpha2.5000000000000013 (snr=2.5)
	[0.3042 0.5192 0.6934 0.7934 0.8525 0.8894 0.9125 0.928  0.9418 0.9525
 0.9607 0.9677 0.9723 0.9784 0.9834 0.9864 0.9887 0.9905 0.9924 0.9935]