PAC(128-71)
L = 8
T = 0  Error Count = 10000
Rate-profile = rm-polar
design SNR = 3
Convolution poly = , [1 0 1 1 0 1 1]
CRC index = [15, 31, 47, 63, 79, 95, 111, 127] , CRC = 0 bits
Frozen-check = , [84, 88, 97, 98, 100, 104, 112] , Frozen-check = 7 bits
Mismatch = [84, 88, 97, 98, 100, 104, 112] , Mismatch-length = 0 , Mismatch-first = False
Enabling-Criterion =, Perfect
Running : AccuracyforFlipEveryPath , 
Decoding starting Time : 2025-09-09 15-18-39
Running Time : 1145 min


SNR = [2.5, 3.0]
FER = [0.021231697453087946, 0.0050145884863524075]
average_decoding_attempt = [1.0, 1.0]
alpha0.1 (snr=2.5)
	path-0 , [0.4379 0.6616 0.769  0.8301 0.8691 0.897  0.9124 0.9222 0.9268 0.9299
 0.9335 0.9371 0.9413 0.9452 0.9494 0.9521 0.9548 0.9582 0.9619 0.9654]
	path-1 , [0.4376 0.6657 0.7762 0.836  0.873  0.899  0.9149 0.9257 0.9303 0.9333
 0.9379 0.9411 0.9448 0.9479 0.9523 0.9552 0.9587 0.962  0.9651 0.9687]
	path-2 , [0.4356 0.6592 0.7677 0.8281 0.8682 0.8945 0.9111 0.921  0.9258 0.9285
 0.9336 0.9377 0.9423 0.9471 0.952  0.9549 0.9587 0.9625 0.9657 0.9694]
	path-3 , [0.4298 0.6628 0.7701 0.8309 0.8697 0.8979 0.9141 0.9241 0.9281 0.932
 0.9356 0.9395 0.944  0.9487 0.9526 0.9555 0.9594 0.9632 0.9656 0.9687]
	path-4 , [0.4379 0.6647 0.774  0.8321 0.8703 0.8964 0.9122 0.9234 0.9281 0.9313
 0.9351 0.939  0.9435 0.9475 0.9517 0.9552 0.9594 0.9631 0.9662 0.9702]
	path-5 , [0.4362 0.6618 0.7712 0.8302 0.8707 0.8968 0.914  0.9247 0.9295 0.933
 0.9365 0.9399 0.9448 0.9492 0.953  0.9558 0.9598 0.9629 0.9666 0.9711]
	path-6 , [0.4329 0.6662 0.7734 0.8315 0.8695 0.896  0.9132 0.9237 0.9284 0.9326
 0.9361 0.9399 0.9435 0.9481 0.9519 0.9547 0.9585 0.9617 0.9652 0.9688]
	path-7 , [0.4348 0.6649 0.7704 0.8299 0.8687 0.894  0.9118 0.9225 0.9275 0.9312
 0.9358 0.9399 0.9438 0.9479 0.9525 0.9556 0.9599 0.9636 0.9672 0.9704]
alpha0.2 (snr=2.5)
	path-0 , [0.3949 0.6261 0.7605 0.8363 0.8828 0.9114 0.9317 0.9437 0.954  0.9627
 0.9673 0.9712 0.9758 0.9793 0.9831 0.9854 0.9874 0.9892 0.9915 0.9934]
	path-1 , [0.3969 0.6325 0.7707 0.8426 0.8878 0.9164 0.9359 0.949  0.9586 0.9662
 0.9717 0.9757 0.9809 0.9839 0.9868 0.9885 0.9902 0.9921 0.9933 0.9942]
	path-2 , [0.3926 0.6261 0.7577 0.835  0.8813 0.9115 0.9327 0.9469 0.9569 0.965
 0.9707 0.9758 0.9802 0.9836 0.9868 0.9885 0.9907 0.9921 0.9931 0.9945]
	path-3 , [0.3898 0.6284 0.7633 0.8394 0.886  0.9133 0.9346 0.947  0.957  0.9653
 0.9701 0.9737 0.9783 0.9824 0.9857 0.9884 0.9903 0.9922 0.9934 0.9944]
	path-4 , [0.3974 0.6353 0.7653 0.8406 0.8867 0.9137 0.9329 0.947  0.9565 0.9648
 0.9695 0.9747 0.9803 0.9841 0.9875 0.9891 0.9911 0.9931 0.9939 0.9951]
	path-5 , [0.3971 0.6325 0.7645 0.8392 0.8861 0.9169 0.938  0.9491 0.9592 0.9667
 0.9718 0.9759 0.9812 0.9845 0.9876 0.9896 0.9913 0.9929 0.9941 0.9956]
	path-6 , [0.3947 0.6316 0.7657 0.8384 0.884  0.9117 0.9333 0.946  0.9559 0.9639
 0.9707 0.9745 0.9801 0.9833 0.9868 0.9896 0.9918 0.9932 0.9951 0.996 ]
	path-7 , [0.3946 0.632  0.7616 0.8367 0.8836 0.912  0.9334 0.9473 0.9571 0.9655
 0.9713 0.9762 0.9806 0.9831 0.9866 0.9898 0.9915 0.9934 0.9944 0.9953]
alpha0.30000000000000004 (snr=2.5)
	path-0 , [0.3527 0.5698 0.7164 0.8105 0.8688 0.9061 0.933  0.9501 0.9625 0.971
 0.979  0.9844 0.9879 0.991  0.9928 0.995  0.9968 0.9979 0.9987 0.9992]
	path-1 , [0.3556 0.5783 0.7231 0.8183 0.8761 0.9123 0.9344 0.9528 0.9666 0.9745
 0.9821 0.9853 0.9895 0.9927 0.9944 0.9955 0.996  0.9964 0.9975 0.9979]
	path-2 , [0.3523 0.5731 0.7146 0.8094 0.8676 0.9057 0.9314 0.9508 0.9653 0.9738
 0.9816 0.985  0.9893 0.9918 0.9941 0.996  0.9967 0.9973 0.9977 0.9981]
	path-3 , [0.3489 0.5737 0.7171 0.8114 0.8696 0.908  0.9329 0.9514 0.9646 0.9733
 0.9811 0.9859 0.989  0.9916 0.9938 0.9956 0.9966 0.9977 0.9981 0.9984]
	path-4 , [0.3557 0.5773 0.7205 0.8106 0.8695 0.91   0.9342 0.9511 0.9642 0.9736
 0.9809 0.9857 0.9902 0.9928 0.9946 0.9964 0.9971 0.9978 0.9981 0.9986]
	path-5 , [0.3593 0.5771 0.7208 0.8155 0.8723 0.9107 0.9353 0.9517 0.9644 0.9736
 0.981  0.9858 0.9903 0.9932 0.9952 0.9963 0.9968 0.998  0.9984 0.9988]
	path-6 , [0.3522 0.5717 0.7152 0.808  0.8679 0.9078 0.9324 0.9496 0.9635 0.9726
 0.9807 0.9867 0.9906 0.9929 0.9952 0.9967 0.9972 0.9982 0.9987 0.9992]
	path-7 , [0.3546 0.5732 0.7157 0.8096 0.8684 0.9067 0.9321 0.9513 0.9636 0.9726
 0.9805 0.9856 0.99   0.9926 0.9946 0.996  0.997  0.9979 0.9986 0.9991]
alpha0.4 (snr=2.5)
	path-0 , [0.3135 0.5125 0.6528 0.7515 0.8208 0.8687 0.9057 0.9306 0.9488 0.9627
 0.974  0.9813 0.988  0.9925 0.9949 0.9967 0.998  0.9984 0.9989 0.9995]
	path-1 , [0.3214 0.5216 0.6592 0.756  0.8254 0.8721 0.9043 0.9303 0.9487 0.9632
 0.9724 0.9794 0.9853 0.9896 0.9929 0.995  0.9962 0.9968 0.9974 0.9978]
	path-2 , [0.3152 0.5135 0.6502 0.7487 0.8163 0.862  0.8957 0.9249 0.9445 0.9594
 0.9698 0.9798 0.9854 0.9907 0.9933 0.9953 0.9964 0.9975 0.9977 0.9983]
	path-3 , [0.3137 0.5118 0.6485 0.7486 0.8159 0.863  0.8994 0.9273 0.9459 0.9608
 0.9715 0.9795 0.9854 0.9891 0.9928 0.9958 0.9969 0.9979 0.9982 0.9984]
	path-4 , [0.3173 0.5208 0.654  0.752  0.8177 0.866  0.8991 0.9253 0.9438 0.9594
 0.9685 0.9771 0.984  0.9886 0.9929 0.9949 0.9967 0.9975 0.9982 0.9986]
	path-5 , [0.3206 0.5201 0.6553 0.7531 0.82   0.8675 0.903  0.9281 0.9459 0.9595
 0.9698 0.978  0.984  0.9892 0.9924 0.9947 0.9965 0.9979 0.9985 0.9988]
	path-6 , [0.3169 0.5119 0.647  0.7473 0.8171 0.8643 0.8997 0.9256 0.943  0.957
 0.9685 0.9767 0.9833 0.9882 0.9929 0.9956 0.9971 0.9981 0.9984 0.9989]
	path-7 , [0.3148 0.5151 0.6535 0.7508 0.8177 0.8646 0.8965 0.9226 0.9401 0.9572
 0.9663 0.9745 0.9822 0.9881 0.992  0.9946 0.9966 0.9979 0.9985 0.9988]
alpha0.5 (snr=2.5)
	path-0 , [0.2819 0.4609 0.5925 0.687  0.763  0.8185 0.8645 0.898  0.926  0.9468
 0.9627 0.9719 0.98   0.9854 0.9895 0.9936 0.9961 0.9974 0.998  0.9991]
	path-1 , [0.287  0.4633 0.5888 0.6854 0.7615 0.8156 0.8586 0.8923 0.9187 0.9401
 0.9559 0.9679 0.9753 0.9819 0.986  0.9903 0.9939 0.9954 0.9966 0.9972]
	path-2 , [0.2814 0.4575 0.5857 0.6763 0.7497 0.8021 0.8471 0.8814 0.9102 0.9329
 0.9507 0.9633 0.9732 0.9806 0.9863 0.9911 0.9936 0.9956 0.9966 0.9976]
	path-3 , [0.281  0.4589 0.5854 0.674  0.7496 0.8015 0.8491 0.8834 0.913  0.9362
 0.9505 0.9639 0.9744 0.9808 0.9861 0.9912 0.9939 0.9959 0.9973 0.998 ]
	path-4 , [0.2805 0.4662 0.5905 0.6803 0.7549 0.8061 0.8512 0.8838 0.9107 0.931
 0.9475 0.9609 0.9702 0.9785 0.9839 0.989  0.9924 0.9951 0.9964 0.9971]
	path-5 , [0.286  0.465  0.5902 0.6819 0.7525 0.8041 0.8483 0.8811 0.909  0.9316
 0.9491 0.9622 0.9705 0.9787 0.985  0.9884 0.9927 0.9951 0.9967 0.9974]
	path-6 , [0.2843 0.4579 0.5839 0.6757 0.7467 0.8041 0.8464 0.88   0.9075 0.9293
 0.9467 0.9578 0.9694 0.9769 0.9838 0.9874 0.9927 0.9951 0.9968 0.9977]
	path-7 , [0.2818 0.4581 0.5888 0.6828 0.7495 0.8016 0.8427 0.8759 0.904  0.9255
 0.9433 0.9558 0.9668 0.9766 0.9826 0.9875 0.9916 0.9939 0.9959 0.9974]
alpha0.6 (snr=2.5)
	path-0 , [0.2562 0.4195 0.5378 0.6402 0.7152 0.7772 0.829  0.8663 0.8997 0.9261
 0.9456 0.9617 0.9713 0.979  0.9846 0.9892 0.9934 0.9954 0.9967 0.9983]
	path-1 , [0.2577 0.419  0.5362 0.6309 0.7071 0.767  0.815  0.8555 0.8894 0.9171
 0.9361 0.9531 0.9634 0.974  0.9804 0.9857 0.9902 0.9929 0.9948 0.9959]
	path-2 , [0.2525 0.4122 0.5291 0.6223 0.6946 0.7537 0.8018 0.8417 0.8755 0.9048
 0.9284 0.9465 0.9606 0.9711 0.9784 0.9844 0.9903 0.9932 0.9949 0.9965]
	path-3 , [0.2543 0.4116 0.5244 0.6141 0.686  0.7466 0.8016 0.8422 0.877  0.9055
 0.9281 0.9468 0.9608 0.9701 0.9785 0.9847 0.9894 0.9926 0.9953 0.9967]
	path-4 , [0.2535 0.4182 0.5323 0.6219 0.694  0.7536 0.8019 0.8393 0.8746 0.9015
 0.9265 0.943  0.9576 0.9675 0.9755 0.9828 0.988  0.992  0.9939 0.9961]
	path-5 , [0.2604 0.4198 0.5323 0.6228 0.6948 0.7522 0.8006 0.8411 0.8754 0.9008
 0.9237 0.9421 0.9564 0.9679 0.9751 0.9813 0.9866 0.9919 0.9945 0.9963]
	path-6 , [0.2569 0.4101 0.5234 0.6106 0.6884 0.7448 0.7931 0.8341 0.8686 0.8985
 0.9209 0.9408 0.9539 0.9644 0.9738 0.9805 0.986  0.9915 0.9944 0.9962]
	path-7 , [0.2528 0.411  0.5282 0.6181 0.6913 0.7473 0.794  0.831  0.8621 0.8903
 0.9146 0.9351 0.951  0.9637 0.973  0.9806 0.9864 0.9902 0.9935 0.9954]
alpha0.7000000000000001 (snr=2.5)
	path-0 , [0.2341 0.3867 0.5003 0.5976 0.6773 0.7462 0.7995 0.8442 0.8811 0.9075
 0.9296 0.9485 0.962  0.9712 0.9786 0.9847 0.9904 0.9931 0.9949 0.9969]
	path-1 , [0.2326 0.3834 0.495  0.5847 0.6627 0.7298 0.7835 0.8272 0.8648 0.8971
 0.9203 0.9379 0.9526 0.9646 0.9733 0.9801 0.9853 0.9898 0.9922 0.9944]
	path-2 , [0.2279 0.3719 0.4856 0.5737 0.6502 0.7172 0.7678 0.8126 0.8512 0.8821
 0.9084 0.9305 0.9478 0.9622 0.9719 0.9792 0.9848 0.9895 0.9926 0.9952]
	path-3 , [0.2292 0.3745 0.4823 0.5687 0.64   0.7079 0.7625 0.8089 0.8486 0.881
 0.9081 0.93   0.9474 0.9606 0.9703 0.9786 0.9846 0.9889 0.9925 0.9945]
	path-4 , [0.2284 0.3793 0.4876 0.5729 0.6424 0.7112 0.7634 0.8056 0.8457 0.8772
 0.9048 0.926  0.9429 0.9586 0.9689 0.9762 0.983  0.9879 0.9912 0.9947]
	path-5 , [0.234  0.3808 0.4869 0.57   0.6424 0.7054 0.7607 0.8054 0.8475 0.878
 0.9028 0.925  0.9421 0.9559 0.9676 0.9762 0.9819 0.9867 0.991  0.9943]
	path-6 , [0.2309 0.3724 0.477  0.5624 0.6341 0.6987 0.7521 0.7978 0.8367 0.8719
 0.8989 0.9209 0.9389 0.952  0.9636 0.9725 0.9808 0.9871 0.9899 0.9938]
	path-7 , [0.2288 0.3729 0.4801 0.5671 0.639  0.7028 0.7526 0.7975 0.8296 0.8631
 0.8913 0.9146 0.9338 0.9503 0.9627 0.973  0.9809 0.9868 0.9903 0.9931]
alpha0.8 (snr=2.5)
	path-0 , [0.2145 0.3619 0.4716 0.5697 0.6484 0.7192 0.7753 0.8225 0.8623 0.8941
 0.9196 0.9385 0.9562 0.9653 0.9745 0.9817 0.9879 0.9917 0.9941 0.996 ]
	path-1 , [0.2117 0.3554 0.4611 0.5512 0.6316 0.7006 0.7558 0.8061 0.8448 0.8787
 0.9055 0.9265 0.944  0.9579 0.9668 0.9751 0.9822 0.9876 0.9902 0.9931]
	path-2 , [0.2082 0.3429 0.4508 0.5401 0.6158 0.6866 0.7413 0.7878 0.8316 0.865
 0.8935 0.9171 0.9383 0.953  0.9645 0.9745 0.9816 0.9871 0.9907 0.9943]
	path-3 , [0.2084 0.3417 0.4476 0.5327 0.6076 0.6764 0.7321 0.7793 0.8243 0.8623
 0.8928 0.9169 0.9379 0.9525 0.9637 0.9725 0.9807 0.9866 0.9909 0.9935]
	path-4 , [0.2093 0.347  0.4527 0.5368 0.6064 0.6763 0.7322 0.7812 0.8226 0.8585
 0.8862 0.912  0.9324 0.9488 0.961  0.9721 0.9793 0.9848 0.9889 0.9935]
	path-5 , [0.2121 0.3501 0.4509 0.5339 0.607  0.6731 0.7292 0.7791 0.8203 0.86
 0.8875 0.9096 0.9311 0.9468 0.9608 0.9717 0.9786 0.9839 0.9886 0.9919]
	path-6 , [0.2105 0.3414 0.4403 0.5217 0.5954 0.6611 0.7174 0.7651 0.8111 0.8503
 0.881  0.9075 0.9274 0.9429 0.9571 0.9664 0.9753 0.9824 0.988  0.9915]
	path-7 , [0.21   0.3405 0.4423 0.527  0.5988 0.6666 0.7206 0.7696 0.8074 0.8433
 0.872  0.8979 0.9218 0.9406 0.955  0.9666 0.9752 0.9831 0.9877 0.9912]
alpha0.9 (snr=2.5)
	path-0 , [0.1991 0.339  0.4494 0.5471 0.6294 0.7002 0.7596 0.8079 0.8502 0.8841
 0.9098 0.9309 0.9499 0.9606 0.9707 0.979  0.9856 0.9904 0.9931 0.9952]
	path-1 , [0.1953 0.3321 0.4382 0.5267 0.6097 0.6796 0.7368 0.7871 0.8276 0.8647
 0.8949 0.9179 0.9366 0.9521 0.9624 0.9722 0.9797 0.986  0.989  0.9925]
	path-2 , [0.1939 0.3201 0.4234 0.5136 0.5926 0.6639 0.7235 0.771  0.816  0.851
 0.8817 0.9069 0.9293 0.9466 0.9595 0.9703 0.979  0.9854 0.9896 0.993 ]
	path-3 , [0.1916 0.3183 0.4186 0.5071 0.5834 0.6518 0.7085 0.7587 0.8074 0.8474
 0.8781 0.9066 0.9294 0.9461 0.9576 0.9684 0.9775 0.9837 0.9894 0.9928]
	path-4 , [0.1931 0.3217 0.4216 0.5068 0.5809 0.649  0.7104 0.7607 0.8054 0.8437
 0.8749 0.9013 0.9224 0.9412 0.9545 0.966  0.9762 0.9828 0.9867 0.9919]
	path-5 , [0.1941 0.324  0.423  0.5051 0.5812 0.6472 0.7065 0.7588 0.7997 0.8425
 0.874  0.8995 0.9233 0.9398 0.954  0.9679 0.9758 0.9819 0.987  0.9901]
	path-6 , [0.1923 0.3141 0.4083 0.4907 0.5681 0.6362 0.6919 0.7444 0.7914 0.8321
 0.8671 0.8947 0.9173 0.9356 0.9515 0.9628 0.971  0.9802 0.9855 0.9903]
	path-7 , [0.1921 0.3135 0.4108 0.4963 0.5693 0.6381 0.6951 0.7486 0.7878 0.8254
 0.8586 0.8859 0.9118 0.9326 0.9479 0.9619 0.972  0.9799 0.9863 0.9896]
path_index = 0
	ranking_index = [15, 23, 27, 29, 39, 30, 43, 84, 97, 45, 71, 98, 88, 51, 75, 100, 46, 83, 77, 104]
	ranking_prob = [0.44615538446155384, 0.21597840215978403, 0.10258974102589741, 0.0542945705429457, 0.044495550444955505, 0.028597140285971403, 0.016798320167983202, 0.014598540145985401, 0.013998600139986002, 0.010198980101989802, 0.0081991800819918, 0.006899310068993101, 0.0059994000599940004, 0.005099490050994901, 0.0045995400459954, 0.0038996100389961006, 0.0029997000299970002, 0.0027997200279972004, 0.0024997500249975004, 0.0021997800219978004]
path_index = 1
	ranking_index = [15, 23, 27, 29, 39, 30, 43, 84, 97, 45, 71, 88, 51, 98, 75, 46, 77, 100, 83, 53]
	ranking_prob = [0.4467553244675532, 0.22077792220777923, 0.10528947105289471, 0.051794820517948204, 0.043195680431956804, 0.026997300269973004, 0.016998300169983, 0.0156984301569843, 0.011498850114988501, 0.0098990100989901, 0.008099190080991902, 0.0066993300669933005, 0.004999500049995001, 0.0046995300469953, 0.004299570042995701, 0.0036996300369963003, 0.0032996700329967, 0.0029997000299970002, 0.0025997400259974, 0.0015998400159984002]
path_index = 2
	ranking_index = [15, 23, 27, 29, 39, 30, 43, 84, 97, 45, 71, 75, 98, 88, 51, 77, 46, 100, 83, 53]
	ranking_prob = [0.4443555644435556, 0.21607839216078392, 0.10368963103689631, 0.0527947205279472, 0.044295570442955706, 0.028997100289971003, 0.0178982101789821, 0.0168983101689831, 0.0122987701229877, 0.010198980101989802, 0.008399160083991601, 0.0058994100589941, 0.004999500049995001, 0.004899510048995101, 0.0045995400459954, 0.0037996200379962005, 0.0036996300369963003, 0.0032996700329967, 0.0022997700229977, 0.0020997900209979003]
path_index = 3
	ranking_index = [15, 23, 27, 29, 39, 30, 43, 84, 45, 97, 71, 88, 75, 98, 51, 46, 100, 77, 53, 83]
	ranking_prob = [0.43965603439656037, 0.22467753224677534, 0.10278972102789721, 0.052594740525947405, 0.04459554044595541, 0.028597140285971403, 0.017198280171982803, 0.015798420157984203, 0.010498950104989501, 0.010198980101989802, 0.008099190080991902, 0.007499250074992501, 0.0052994700529947, 0.0046995300469953, 0.004299570042995701, 0.0035996400359964, 0.0032996700329967, 0.0031996800319968005, 0.0025997400259974, 0.0021997800219978004]
path_index = 4
	ranking_index = [15, 23, 27, 29, 39, 30, 43, 84, 45, 97, 71, 88, 98, 75, 51, 46, 77, 83, 53, 104]
	ranking_prob = [0.44515548445155484, 0.21857814218578142, 0.104989501049895, 0.053594640535946404, 0.0428957104289571, 0.027097290270972903, 0.0164983501649835, 0.0160983901609839, 0.010698930106989302, 0.0093990600939906, 0.008799120087991202, 0.006799320067993201, 0.005699430056994301, 0.0052994700529947, 0.004299570042995701, 0.0036996300369963003, 0.0036996300369963003, 0.0025997400259974, 0.0023997600239976003, 0.0015998400159984002]
path_index = 5
	ranking_index = [15, 23, 27, 29, 39, 30, 43, 84, 97, 45, 71, 88, 98, 75, 51, 46, 77, 83, 53, 100]
	ranking_prob = [0.44275572442755723, 0.22007799220077992, 0.10368963103689631, 0.052894710528947106, 0.0453954604539546, 0.027597240275972403, 0.017998200179982, 0.015798420157984203, 0.010498950104989501, 0.0098990100989901, 0.008799120087991202, 0.007699230076992301, 0.005599440055994401, 0.0052994700529947, 0.0045995400459954, 0.0037996200379962005, 0.0032996700329967, 0.0026997300269973002, 0.0023997600239976003, 0.0021997800219978004]
path_index = 6
	ranking_index = [15, 23, 27, 29, 39, 30, 43, 84, 45, 97, 88, 71, 98, 51, 75, 46, 77, 83, 100, 53]
	ranking_prob = [0.44415558444155584, 0.2221777822217778, 0.10308969103089691, 0.05019498050194981, 0.044295570442955706, 0.027497250274972504, 0.0188981101889811, 0.015498450154984501, 0.010698930106989302, 0.009099090090990901, 0.0084991500849915, 0.0082991700829917, 0.0053994600539946005, 0.0046995300469953, 0.004399560043995601, 0.0034996500349965005, 0.0034996500349965005, 0.0034996500349965005, 0.0026997300269973002, 0.0020997900209979003]
path_index = 7
	ranking_index = [15, 23, 27, 29, 39, 30, 43, 84, 45, 97, 71, 88, 75, 98, 51, 46, 77, 83, 53, 104]
	ranking_prob = [0.44375562443755623, 0.22157784221577842, 0.10188981101889812, 0.05169483051694831, 0.04409559044095591, 0.028097190280971903, 0.017598240175982403, 0.0170982901709829, 0.010198980101989802, 0.008999100089991, 0.0081991800819918, 0.007899210078992101, 0.0058994100589941, 0.0053994600539946005, 0.0045995400459954, 0.004299570042995701, 0.0034996500349965005, 0.0025997400259974, 0.0022997700229977, 0.0016998300169983002]
alpha0.1 (snr=3.0)
	path-0 , [0.4356 0.6838 0.8029 0.8597 0.897  0.9218 0.9377 0.9461 0.9522 0.9543
 0.9574 0.9601 0.9626 0.9649 0.9683 0.9695 0.9735 0.9748 0.9758 0.9778]
	path-1 , [0.4367 0.6856 0.8022 0.8594 0.8972 0.9222 0.9374 0.9453 0.9499 0.9526
 0.9553 0.9596 0.9623 0.9647 0.9681 0.9695 0.9727 0.9751 0.9765 0.9789]
	path-2 , [0.4435 0.6893 0.8029 0.859  0.8995 0.923  0.9371 0.9451 0.9503 0.9532
 0.9563 0.959  0.9614 0.9641 0.9676 0.9698 0.9736 0.9749 0.977  0.9794]
	path-3 , [0.4416 0.6864 0.8028 0.8588 0.8967 0.9205 0.9364 0.946  0.9516 0.9539
 0.9573 0.9606 0.9629 0.9656 0.9685 0.9703 0.9739 0.9758 0.9775 0.9797]
	path-4 , [0.4408 0.6888 0.8037 0.8619 0.8995 0.9238 0.9383 0.9472 0.9526 0.9552
 0.9581 0.9621 0.9643 0.967  0.9698 0.9709 0.9737 0.976  0.9785 0.981 ]
	path-5 , [0.44   0.6861 0.8003 0.8577 0.8955 0.9212 0.9369 0.9458 0.9513 0.9537
 0.9571 0.9608 0.964  0.9672 0.9708 0.9729 0.9757 0.9781 0.9798 0.9814]
	path-6 , [0.4356 0.6892 0.8042 0.8614 0.8968 0.9224 0.9375 0.9469 0.9523 0.9542
 0.957  0.9607 0.9636 0.9664 0.9701 0.9723 0.9758 0.9772 0.9792 0.9812]
	path-7 , [0.4414 0.6876 0.8056 0.8605 0.8986 0.9231 0.9382 0.9466 0.9523 0.9555
 0.9585 0.9616 0.9638 0.967  0.9697 0.9721 0.9757 0.9787 0.9801 0.9824]
alpha0.2 (snr=3.0)
	path-0 , [0.3884 0.6395 0.7805 0.8625 0.9135 0.9387 0.9545 0.9676 0.9742 0.979
 0.9829 0.9863 0.989  0.9908 0.992  0.9938 0.9949 0.9962 0.9972 0.9978]
	path-1 , [0.3918 0.6414 0.783  0.8668 0.9138 0.9377 0.9556 0.9672 0.9731 0.9776
 0.9816 0.9846 0.9874 0.99   0.9913 0.9928 0.9942 0.9951 0.9963 0.9969]
	path-2 , [0.3945 0.6418 0.7815 0.861  0.9113 0.9384 0.9554 0.9675 0.9746 0.9802
 0.9837 0.9869 0.9893 0.9918 0.9931 0.9946 0.9954 0.9962 0.9968 0.9978]
	path-3 , [0.3961 0.6438 0.7833 0.8623 0.9124 0.9389 0.9562 0.9666 0.9741 0.9792
 0.9839 0.9868 0.9884 0.9912 0.993  0.9943 0.995  0.9963 0.9977 0.9983]
	path-4 , [0.3968 0.6447 0.7844 0.8639 0.9141 0.9397 0.9564 0.9683 0.9751 0.98
 0.983  0.9863 0.9889 0.9907 0.9926 0.9946 0.9958 0.9969 0.9981 0.9985]
	path-5 , [0.3956 0.6423 0.781  0.8624 0.911  0.9391 0.956  0.968  0.9751 0.9808
 0.9852 0.9889 0.9915 0.9929 0.9943 0.9952 0.9962 0.9966 0.9973 0.998 ]
	path-6 , [0.392  0.6457 0.7856 0.8645 0.9134 0.9394 0.957  0.968  0.9749 0.9807
 0.9845 0.9875 0.9899 0.9923 0.9948 0.9957 0.9965 0.9971 0.9978 0.9983]
	path-7 , [0.391  0.6425 0.7835 0.8621 0.9127 0.9393 0.9563 0.9676 0.9759 0.9813
 0.9852 0.9884 0.9909 0.9936 0.9948 0.9956 0.997  0.9973 0.9984 0.9991]
alpha0.30000000000000004 (snr=3.0)
	path-0 , [0.3471 0.5647 0.7116 0.8112 0.8753 0.9192 0.9458 0.9609 0.9737 0.9805
 0.9858 0.9895 0.9929 0.995  0.9968 0.9976 0.9987 0.9993 0.9997 0.9999]
	path-1 , [0.348  0.57   0.7143 0.8113 0.8744 0.9155 0.9419 0.9582 0.9699 0.9782
 0.9849 0.9885 0.992  0.9941 0.9956 0.9968 0.9975 0.9983 0.9986 0.9987]
	path-2 , [0.3501 0.5691 0.7139 0.8095 0.8763 0.9171 0.9438 0.9602 0.9721 0.98
 0.986  0.9892 0.9937 0.9955 0.9964 0.9975 0.9979 0.9987 0.9991 0.9992]
	path-3 , [0.3533 0.5742 0.7162 0.8128 0.877  0.9188 0.944  0.9611 0.9719 0.9791
 0.9858 0.9895 0.9935 0.9962 0.9974 0.9979 0.9985 0.9989 0.9994 0.9995]
	path-4 , [0.3522 0.5728 0.7189 0.8127 0.8769 0.919  0.9441 0.9599 0.9727 0.9795
 0.9849 0.99   0.9936 0.9954 0.9972 0.9978 0.9984 0.9991 0.9992 0.9993]
	path-5 , [0.3522 0.5708 0.7145 0.8119 0.874  0.9139 0.9416 0.9586 0.9716 0.9787
 0.985  0.9894 0.9929 0.9953 0.9965 0.9977 0.9985 0.9988 0.9994 0.9995]
	path-6 , [0.3489 0.5721 0.7162 0.8131 0.8797 0.9185 0.9449 0.9619 0.9735 0.9795
 0.9859 0.9896 0.993  0.9949 0.9965 0.9972 0.9984 0.9989 0.999  0.9993]
	path-7 , [0.3425 0.5671 0.7152 0.8118 0.8752 0.9159 0.9436 0.9594 0.9709 0.9787
 0.9855 0.9891 0.993  0.9952 0.9971 0.9984 0.999  0.9993 0.9997 0.9998]
alpha0.4 (snr=3.0)
	path-0 , [0.3057 0.4954 0.6369 0.7331 0.8114 0.8687 0.9063 0.9296 0.9487 0.9622
 0.9752 0.9828 0.9881 0.9912 0.9944 0.9962 0.9972 0.9983 0.9989 0.9995]
	path-1 , [0.3079 0.5001 0.6322 0.7304 0.8031 0.8576 0.8961 0.9214 0.9428 0.9585
 0.97   0.9803 0.9856 0.9901 0.9924 0.9943 0.996  0.9971 0.9977 0.9982]
	path-2 , [0.3091 0.5013 0.6359 0.7311 0.8023 0.8535 0.8943 0.9199 0.9408 0.9575
 0.971  0.9799 0.9855 0.9896 0.9922 0.9943 0.996  0.9976 0.998  0.9988]
	path-3 , [0.3093 0.5039 0.6372 0.7322 0.8061 0.8543 0.8934 0.9209 0.9427 0.9575
 0.9699 0.9784 0.9844 0.9896 0.9932 0.995  0.9966 0.9974 0.9984 0.999 ]
	path-4 , [0.3116 0.5062 0.64   0.7332 0.8035 0.858  0.8953 0.9212 0.9412 0.9554
 0.9682 0.9765 0.9834 0.989  0.9924 0.9949 0.9963 0.9973 0.9983 0.9988]
	path-5 , [0.3105 0.5004 0.6332 0.7284 0.7996 0.8509 0.8915 0.9172 0.9386 0.9545
 0.9671 0.9763 0.9826 0.9877 0.9916 0.9939 0.9958 0.9971 0.9978 0.9986]
	path-6 , [0.3085 0.4987 0.6355 0.7321 0.805  0.8583 0.8949 0.9182 0.9382 0.9531
 0.9672 0.9756 0.9827 0.9872 0.9908 0.9943 0.996  0.9968 0.9978 0.9988]
	path-7 , [0.3049 0.4942 0.629  0.7315 0.8034 0.8553 0.8916 0.917  0.9379 0.9543
 0.9667 0.9747 0.982  0.9872 0.9915 0.9946 0.9963 0.9975 0.998  0.9985]
alpha0.5 (snr=3.0)
	path-0 , [0.2712 0.4423 0.5715 0.665  0.7428 0.8096 0.86   0.8927 0.9201 0.9396
 0.9567 0.9672 0.9767 0.9832 0.9889 0.9928 0.9956 0.9968 0.998  0.9988]
	path-1 , [0.2722 0.4431 0.5619 0.6549 0.7278 0.7938 0.8418 0.8797 0.9091 0.9304
 0.9489 0.9634 0.9737 0.9813 0.9859 0.9896 0.9925 0.9949 0.9962 0.9971]
	path-2 , [0.2721 0.4446 0.5686 0.6557 0.7265 0.7863 0.8342 0.8747 0.9029 0.9244
 0.9459 0.9614 0.9713 0.9796 0.9843 0.9896 0.9931 0.995  0.9967 0.9974]
	path-3 , [0.2752 0.445  0.5673 0.6561 0.7282 0.7865 0.8343 0.8744 0.9024 0.9259
 0.9461 0.9598 0.9694 0.9787 0.9836 0.9887 0.9923 0.9946 0.9967 0.9974]
	path-4 , [0.274  0.4467 0.5678 0.6575 0.728  0.7848 0.833  0.8735 0.9038 0.927
 0.9439 0.9577 0.9685 0.9768 0.9834 0.9887 0.9926 0.9945 0.9962 0.9974]
	path-5 , [0.2723 0.4443 0.563  0.6526 0.7235 0.7821 0.8298 0.8668 0.8947 0.9194
 0.9387 0.9539 0.9676 0.9752 0.9821 0.9871 0.9905 0.9943 0.996  0.9973]
	path-6 , [0.2714 0.4412 0.5629 0.6544 0.7252 0.783  0.832  0.8674 0.8957 0.9214
 0.9378 0.9523 0.9645 0.975  0.9821 0.9871 0.9913 0.9941 0.9953 0.9969]
	path-7 , [0.2683 0.4368 0.5567 0.6473 0.7226 0.7793 0.8275 0.8632 0.8952 0.9171
 0.9359 0.9517 0.9641 0.9748 0.9806 0.9867 0.9912 0.9942 0.9963 0.9973]
alpha0.6 (snr=3.0)
	path-0 , [0.2442 0.3992 0.5215 0.6144 0.6947 0.7618 0.8173 0.8596 0.8926 0.9179
 0.9386 0.9542 0.9654 0.9747 0.9828 0.9886 0.9929 0.9953 0.997  0.9979]
	path-1 , [0.2434 0.3934 0.5068 0.5976 0.6738 0.7398 0.7981 0.8433 0.8796 0.9075
 0.93   0.9458 0.9598 0.9702 0.9798 0.985  0.9888 0.9925 0.9951 0.9962]
	path-2 , [0.2444 0.3925 0.508  0.6015 0.6694 0.7308 0.7835 0.8307 0.8685 0.8973
 0.9226 0.9411 0.9575 0.9696 0.9766 0.9839 0.9883 0.9925 0.9947 0.9963]
	path-3 , [0.2458 0.3955 0.5055 0.5979 0.6664 0.7306 0.7831 0.8294 0.8674 0.8975
 0.921  0.9399 0.9557 0.9669 0.977  0.9829 0.9883 0.992  0.9945 0.9959]
	path-4 , [0.2446 0.3961 0.5106 0.5978 0.6688 0.7306 0.7836 0.8273 0.8642 0.8956
 0.9199 0.9384 0.9528 0.9643 0.9738 0.9813 0.9882 0.9914 0.9946 0.9957]
	path-5 , [0.2423 0.3932 0.5038 0.5922 0.664  0.724  0.7764 0.8206 0.8571 0.8878
 0.9119 0.9324 0.9502 0.962  0.9726 0.9808 0.9861 0.9896 0.9929 0.9956]
	path-6 , [0.242  0.3912 0.5014 0.5899 0.6632 0.7248 0.7797 0.8224 0.859  0.889
 0.9137 0.9313 0.9472 0.9599 0.9722 0.9798 0.986  0.9896 0.9925 0.9949]
	path-7 , [0.2404 0.3854 0.4941 0.5853 0.6541 0.7187 0.7697 0.8157 0.854  0.8848
 0.9106 0.9297 0.9456 0.9591 0.9707 0.9788 0.9853 0.9894 0.9937 0.9961]
alpha0.7000000000000001 (snr=3.0)
	path-0 , [0.2247 0.3707 0.484  0.5775 0.6621 0.7304 0.7907 0.8358 0.872  0.8999
 0.925  0.9439 0.9573 0.9692 0.9772 0.985  0.9906 0.994  0.9961 0.9975]
	path-1 , [0.2201 0.3585 0.4654 0.5584 0.6384 0.7047 0.7633 0.8168 0.8561 0.8901
 0.9141 0.9321 0.9495 0.9628 0.9735 0.9807 0.9859 0.9899 0.9934 0.995 ]
	path-2 , [0.2216 0.3569 0.4644 0.5543 0.631  0.6954 0.7508 0.8032 0.8407 0.8754
 0.902  0.9274 0.947  0.9605 0.9713 0.9791 0.9855 0.9903 0.9929 0.9948]
	path-3 , [0.2215 0.3583 0.4653 0.5524 0.6265 0.6933 0.7472 0.7986 0.8417 0.8743
 0.9023 0.9262 0.9442 0.9586 0.9693 0.9777 0.985  0.9892 0.9926 0.9945]
	path-4 , [0.2215 0.3568 0.4657 0.548  0.6236 0.6906 0.7475 0.7947 0.838  0.8723
 0.8989 0.9227 0.9404 0.9555 0.9671 0.9742 0.9833 0.9894 0.9924 0.9948]
	path-5 , [0.2188 0.356  0.4577 0.5449 0.6211 0.6818 0.7374 0.7887 0.8305 0.8656
 0.893  0.9155 0.9343 0.9502 0.9629 0.974  0.9819 0.9871 0.9912 0.9943]
	path-6 , [0.2193 0.354  0.4553 0.5411 0.616  0.6791 0.7365 0.7886 0.827  0.8627
 0.8917 0.9134 0.9342 0.9495 0.9631 0.9726 0.9814 0.9866 0.99   0.9929]
	path-7 , [0.22   0.3485 0.446  0.5313 0.6066 0.6735 0.7277 0.7785 0.8216 0.8606
 0.8892 0.9117 0.9327 0.947  0.9612 0.9715 0.9798 0.9865 0.9914 0.9945]
alpha0.8 (snr=3.0)
	path-0 , [0.2082 0.3473 0.4582 0.5516 0.637  0.7072 0.7698 0.8165 0.8545 0.8869
 0.9139 0.9345 0.951  0.9632 0.9731 0.9814 0.9886 0.9929 0.9953 0.997 ]
	path-1 , [0.202  0.3321 0.4378 0.527  0.611  0.6797 0.7423 0.7948 0.837  0.8743
 0.9019 0.923  0.9407 0.9563 0.9685 0.9769 0.983  0.988  0.9923 0.994 ]
	path-2 , [0.2021 0.3306 0.4331 0.5215 0.5975 0.6662 0.7276 0.7807 0.8225 0.8586
 0.8868 0.9128 0.9359 0.9527 0.9659 0.9749 0.982  0.9878 0.9919 0.9943]
	path-3 , [0.2028 0.328  0.4309 0.5174 0.5956 0.6631 0.7216 0.7731 0.8186 0.8581
 0.8862 0.915  0.9341 0.9512 0.9634 0.9731 0.9819 0.9872 0.9914 0.9938]
	path-4 , [0.2034 0.3285 0.4308 0.5157 0.5919 0.6601 0.7196 0.7709 0.8118 0.8533
 0.8848 0.9097 0.9296 0.9472 0.9605 0.9701 0.9794 0.9863 0.9907 0.9934]
	path-5 , [0.1994 0.3271 0.4252 0.507  0.587  0.653  0.7098 0.7622 0.8069 0.8444
 0.8766 0.9028 0.9242 0.9404 0.9559 0.9682 0.9769 0.9844 0.9888 0.9935]
	path-6 , [0.1993 0.3245 0.4218 0.5043 0.5804 0.6465 0.7059 0.7595 0.804  0.8442
 0.8744 0.9022 0.9223 0.9383 0.9555 0.9661 0.977  0.9835 0.9878 0.9905]
	path-7 , [0.1986 0.3202 0.4123 0.4934 0.5697 0.6375 0.6975 0.7488 0.7956 0.8384
 0.8727 0.898  0.9204 0.9376 0.9524 0.965  0.9753 0.9824 0.989  0.9932]
alpha0.9 (snr=3.0)
	path-0 , [0.1955 0.3276 0.4364 0.5321 0.6203 0.6912 0.7546 0.8029 0.843  0.8769
 0.9075 0.9276 0.9447 0.9598 0.9704 0.9795 0.9864 0.991  0.9941 0.9967]
	path-1 , [0.1875 0.3115 0.4171 0.505  0.5893 0.6623 0.7248 0.777  0.8247 0.864
 0.8945 0.9163 0.9344 0.9501 0.9645 0.9731 0.9808 0.9864 0.9911 0.9935]
	path-2 , [0.1873 0.3089 0.4087 0.4955 0.5752 0.6459 0.7084 0.7604 0.8094 0.8477
 0.8763 0.9034 0.927  0.9464 0.962  0.9717 0.9799 0.9855 0.9904 0.9931]
	path-3 , [0.1861 0.3079 0.4061 0.4911 0.5715 0.6407 0.7019 0.7568 0.8023 0.8441
 0.8761 0.9042 0.926  0.944  0.959  0.9708 0.9788 0.985  0.9897 0.9925]
	path-4 , [0.1879 0.3061 0.405  0.4921 0.5701 0.6372 0.7014 0.7519 0.7982 0.8392
 0.8734 0.9003 0.9224 0.9407 0.9553 0.9664 0.9761 0.9836 0.989  0.9923]
	path-5 , [0.1838 0.3061 0.4008 0.4811 0.5604 0.6303 0.69   0.7449 0.7916 0.8284
 0.864  0.8933 0.9154 0.9328 0.9499 0.9636 0.9738 0.9814 0.9874 0.9925]
	path-6 , [0.1825 0.3003 0.3933 0.4758 0.5527 0.622  0.6806 0.7381 0.7854 0.8291
 0.8635 0.8923 0.914  0.9324 0.9509 0.961  0.9723 0.9809 0.9864 0.9895]
	path-7 , [0.1847 0.2974 0.3858 0.4644 0.5403 0.6113 0.6761 0.7273 0.7769 0.8213
 0.8597 0.889  0.9119 0.9307 0.9469 0.9603 0.9711 0.9797 0.9866 0.9917]
path_index = 0
	ranking_index = [15, 23, 27, 29, 39, 30, 43, 84, 97, 45, 88, 98, 71, 46, 51, 100, 83, 75, 53, 77]
	ranking_prob = [0.44915508449155084, 0.23877612238776122, 0.10828917108289171, 0.0524947505249475, 0.0430956904309569, 0.026097390260973904, 0.015898410158984102, 0.0117988201179882, 0.010998900109989001, 0.0081991800819918, 0.0065993400659934, 0.005499450054994501, 0.004999500049995001, 0.0034996500349965005, 0.0029997000299970002, 0.0024997500249975004, 0.001999800019998, 0.0018998100189981002, 0.0012998700129987, 0.0012998700129987]
path_index = 1
	ranking_index = [15, 23, 27, 29, 39, 30, 43, 84, 97, 45, 88, 71, 98, 46, 51, 100, 77, 75, 83, 53]
	ranking_prob = [0.44655534446555345, 0.24217578242175783, 0.10668933106689331, 0.053594640535946404, 0.0418958104189581, 0.0273972602739726, 0.015298470152984701, 0.014098590140985901, 0.0105989401059894, 0.007399260073992601, 0.0053994600539946005, 0.0044995500449955, 0.0033996600339966003, 0.0028997100289971, 0.0028997100289971, 0.0028997100289971, 0.0020997900209979003, 0.0018998100189981002, 0.0018998100189981002, 0.0011998800119988001]
path_index = 2
	ranking_index = [15, 23, 27, 29, 39, 30, 43, 84, 97, 45, 88, 71, 98, 46, 51, 83, 75, 77, 104, 100]
	ranking_prob = [0.45435456454354567, 0.23927607239276072, 0.1050894910508949, 0.05119488051194881, 0.0428957104289571, 0.0268973102689731, 0.014698530146985302, 0.0122987701229877, 0.0105989401059894, 0.0065993400659934, 0.005499450054994501, 0.0051994800519948, 0.005099490050994901, 0.0035996400359964, 0.0027997200279972004, 0.0023997600239976003, 0.0021997800219978004, 0.0020997900209979003, 0.0014998500149985001, 0.0013998600139986002]
path_index = 3
	ranking_index = [15, 23, 27, 29, 39, 30, 43, 84, 45, 97, 88, 71, 98, 51, 100, 75, 46, 77, 83, 104]
	ranking_prob = [0.45215478452154784, 0.23677632236776322, 0.10818918108189181, 0.051994800519948, 0.0418958104189581, 0.025697430256974303, 0.0156984301569843, 0.011898810118988102, 0.0086991300869913, 0.007999200079992, 0.006099390060993901, 0.005699430056994301, 0.004999500049995001, 0.004299570042995701, 0.0029997000299970002, 0.0026997300269973002, 0.0025997400259974, 0.001999800019998, 0.0018998100189981002, 0.0011998800119988001]
path_index = 4
	ranking_index = [15, 23, 27, 29, 39, 30, 43, 84, 97, 88, 45, 71, 46, 98, 51, 75, 83, 100, 77, 53]
	ranking_prob = [0.45035496450354967, 0.2415758424157584, 0.10648935106489352, 0.05399460053994601, 0.040995900409959006, 0.025897410258974102, 0.015398460153984602, 0.0122987701229877, 0.007699230076992301, 0.006899310068993101, 0.006799320067993201, 0.005099490050994901, 0.004299570042995701, 0.004199580041995801, 0.0026997300269973002, 0.0026997300269973002, 0.0021997800219978004, 0.0021997800219978004, 0.0017998200179982, 0.0013998600139986002]
path_index = 5
	ranking_index = [15, 23, 27, 29, 39, 30, 43, 84, 45, 97, 88, 71, 51, 98, 46, 100, 75, 77, 83, 53]
	ranking_prob = [0.45165483451654836, 0.23887611238876114, 0.10468953104689531, 0.05319468053194681, 0.042195780421957804, 0.025997400259974, 0.016698330166983303, 0.0136986301369863, 0.007599240075992401, 0.007399260073992601, 0.0059994000599940004, 0.004999500049995001, 0.0040995900409959, 0.0040995900409959, 0.0034996500349965005, 0.0025997400259974, 0.0024997500249975004, 0.0020997900209979003, 0.001999800019998, 0.0014998500149985001]
path_index = 6
	ranking_index = [15, 23, 27, 29, 39, 30, 43, 84, 97, 45, 88, 71, 98, 46, 51, 83, 77, 75, 100, 104]
	ranking_prob = [0.44655534446555345, 0.24627537246275372, 0.1065893410658934, 0.052394760523947606, 0.041195880411958805, 0.024697530246975304, 0.0160983901609839, 0.0131986801319868, 0.008799120087991202, 0.0081991800819918, 0.006399360063993601, 0.0059994000599940004, 0.004399560043995601, 0.0035996400359964, 0.0034996500349965005, 0.0018998100189981002, 0.0017998200179982, 0.0015998400159984002, 0.0012998700129987, 0.0008999100089991]
path_index = 7
	ranking_index = [15, 23, 27, 29, 39, 30, 43, 84, 97, 45, 71, 88, 98, 46, 51, 75, 83, 100, 77, 104]
	ranking_prob = [0.44955504449555045, 0.2425757424257574, 0.1075892410758924, 0.051294870512948704, 0.040495950404959506, 0.026697330266973303, 0.016998300169983, 0.014498550144985502, 0.0072992700729927005, 0.007099290070992901, 0.005499450054994501, 0.005499450054994501, 0.004399560043995601, 0.003999600039996, 0.0037996200379962005, 0.0022997700229977, 0.0017998200179982, 0.0014998500149985001, 0.0012998700129987, 0.0012998700129987]