PAC(128-71)
L = 8
T = 0  Error Count = 10000
Rate-profile = rm-polar
design SNR = 3
Convolution poly = , [1 0 1 1 0 1 1]
CRC index = [15, 31, 47, 63, 79, 95, 111, 127] , CRC = 0 bits
Frozen-check = , [84, 88, 97, 98, 100, 104, 112] , Frozen-check = 7 bits
Mismatch = [84, 88, 97, 98, 100, 104, 112] , Mismatch-length = 0 , Mismatch-first = False
Enabling-Criterion =, Perfect
Running : AccuracyFlippath , 
Decoding starting Time : 2025-09-06 15-28-49
Running Time : 169 min


SNR = [1.0, 1.5, 2.0, 2.5]
FER = [0.3170190509398675, 0.1647502635740643, 0.06715866663085229, 0.02124062585617711]
average_decoding_attempt = [1.0, 1.0, 1.0, 1.0]
everyCriticalBit (snr=1.0)
	[[0.2279 0.3781 0.379  0.5369 0.6456 0.7126 0.7493 0.7493 0.7842 0.8026
  0.8132 0.8132 0.8191 0.8232 0.8232 0.8263 0.8263 0.8263 0.8263 0.8416]
 [0.2279 0.3781 0.379  0.5369 0.6456 0.7126 0.7493 0.7493 0.7842 0.8026
  0.8132 0.8132 0.8191 0.8232 0.8232 0.8263 0.8263 0.8263 0.8263 0.8416]
 [0.2279 0.3781 0.379  0.5369 0.6456 0.7126 0.7493 0.7493 0.7842 0.8026
  0.8132 0.8132 0.8191 0.8232 0.8232 0.8263 0.8263 0.8263 0.8263 0.8416]
 [0.2279 0.3781 0.379  0.5369 0.6456 0.7126 0.7493 0.7493 0.7842 0.8026
  0.8132 0.8132 0.8191 0.8232 0.8232 0.8263 0.8263 0.8263 0.8263 0.8416]
 [0.2279 0.3781 0.379  0.5369 0.6456 0.7126 0.7493 0.7493 0.7842 0.8026
  0.8132 0.8132 0.8191 0.8232 0.8232 0.8263 0.8263 0.8263 0.8263 0.8416]
 [0.2279 0.3781 0.379  0.5369 0.6456 0.7126 0.7493 0.7493 0.7842 0.8026
  0.8132 0.8132 0.8191 0.8232 0.8232 0.8263 0.8263 0.8263 0.8263 0.8416]
 [0.2279 0.3781 0.379  0.5369 0.6456 0.7126 0.7493 0.7493 0.7842 0.8026
  0.8132 0.8132 0.8191 0.8232 0.8232 0.8263 0.8263 0.8263 0.8263 0.8416]
 [0.2279 0.3781 0.379  0.5369 0.6456 0.7126 0.7493 0.7493 0.7842 0.8026
  0.8132 0.8132 0.8191 0.8232 0.8232 0.8263 0.8263 0.8263 0.8263 0.8416]]
everyCriticalBit (snr=1.5)
	[[0.2344 0.3977 0.398  0.5726 0.6833 0.7416 0.7783 0.7783 0.8123 0.8289
  0.8388 0.8388 0.8434 0.8468 0.8468 0.8486 0.8486 0.8486 0.8486 0.8607]
 [0.2344 0.3977 0.398  0.5726 0.6833 0.7416 0.7783 0.7783 0.8123 0.8289
  0.8388 0.8388 0.8434 0.8468 0.8468 0.8486 0.8486 0.8486 0.8486 0.8607]
 [0.2344 0.3977 0.398  0.5726 0.6833 0.7416 0.7783 0.7783 0.8123 0.8289
  0.8388 0.8388 0.8434 0.8468 0.8468 0.8486 0.8486 0.8486 0.8486 0.8607]
 [0.2344 0.3977 0.398  0.5726 0.6833 0.7416 0.7783 0.7783 0.8123 0.8289
  0.8388 0.8388 0.8434 0.8468 0.8468 0.8486 0.8486 0.8486 0.8486 0.8607]
 [0.2344 0.3977 0.398  0.5726 0.6833 0.7416 0.7783 0.7783 0.8123 0.8289
  0.8388 0.8388 0.8434 0.8468 0.8468 0.8486 0.8486 0.8486 0.8486 0.8607]
 [0.2344 0.3977 0.398  0.5726 0.6833 0.7416 0.7783 0.7783 0.8123 0.8289
  0.8388 0.8388 0.8434 0.8468 0.8468 0.8486 0.8486 0.8486 0.8486 0.8607]
 [0.2344 0.3977 0.398  0.5726 0.6833 0.7416 0.7783 0.7783 0.8123 0.8289
  0.8388 0.8388 0.8434 0.8468 0.8468 0.8486 0.8486 0.8486 0.8486 0.8607]
 [0.2344 0.3977 0.398  0.5726 0.6833 0.7416 0.7783 0.7783 0.8123 0.8289
  0.8388 0.8388 0.8434 0.8468 0.8468 0.8486 0.8486 0.8486 0.8486 0.8607]]
everyCriticalBit (snr=2.0)
	[[0.2383 0.4152 0.4154 0.5974 0.7104 0.7742 0.8095 0.8095 0.8374 0.8507
  0.8603 0.8603 0.8656 0.8686 0.8686 0.8706 0.8706 0.8706 0.8706 0.8781]
 [0.2383 0.4152 0.4154 0.5974 0.7104 0.7742 0.8095 0.8095 0.8374 0.8507
  0.8603 0.8603 0.8656 0.8686 0.8686 0.8706 0.8706 0.8706 0.8706 0.8781]
 [0.2383 0.4152 0.4154 0.5974 0.7104 0.7742 0.8095 0.8095 0.8374 0.8507
  0.8603 0.8603 0.8656 0.8686 0.8686 0.8706 0.8706 0.8706 0.8706 0.8781]
 [0.2383 0.4152 0.4154 0.5974 0.7104 0.7742 0.8095 0.8095 0.8374 0.8507
  0.8603 0.8603 0.8656 0.8686 0.8686 0.8706 0.8706 0.8706 0.8706 0.8781]
 [0.2383 0.4152 0.4154 0.5974 0.7104 0.7742 0.8095 0.8095 0.8374 0.8507
  0.8603 0.8603 0.8656 0.8686 0.8686 0.8706 0.8706 0.8706 0.8706 0.8781]
 [0.2383 0.4152 0.4154 0.5974 0.7104 0.7742 0.8095 0.8095 0.8374 0.8507
  0.8603 0.8603 0.8656 0.8686 0.8686 0.8706 0.8706 0.8706 0.8706 0.8781]
 [0.2383 0.4152 0.4154 0.5974 0.7104 0.7742 0.8095 0.8095 0.8374 0.8507
  0.8603 0.8603 0.8656 0.8686 0.8686 0.8706 0.8706 0.8706 0.8706 0.8781]
 [0.2383 0.4152 0.4154 0.5974 0.7104 0.7742 0.8095 0.8095 0.8374 0.8507
  0.8603 0.8603 0.8656 0.8686 0.8686 0.8706 0.8706 0.8706 0.8706 0.8781]]
everyCriticalBit (snr=2.5)
	[[0.2548 0.46   0.4603 0.6522 0.7587 0.8181 0.8561 0.8561 0.8782 0.8896
  0.8972 0.8972 0.8993 0.9017 0.9017 0.903  0.903  0.903  0.903  0.9087]
 [0.2548 0.46   0.4603 0.6522 0.7587 0.8181 0.8561 0.8561 0.8782 0.8896
  0.8972 0.8972 0.8993 0.9017 0.9017 0.903  0.903  0.903  0.903  0.9087]
 [0.2548 0.46   0.4603 0.6522 0.7587 0.8181 0.8561 0.8561 0.8782 0.8896
  0.8972 0.8972 0.8993 0.9017 0.9017 0.903  0.903  0.903  0.903  0.9087]
 [0.2548 0.46   0.4603 0.6522 0.7587 0.8181 0.8561 0.8561 0.8782 0.8896
  0.8972 0.8972 0.8993 0.9017 0.9017 0.903  0.903  0.903  0.903  0.9087]
 [0.2548 0.46   0.4603 0.6522 0.7587 0.8181 0.8561 0.8561 0.8782 0.8896
  0.8972 0.8972 0.8993 0.9017 0.9017 0.903  0.903  0.903  0.903  0.9087]
 [0.2548 0.46   0.4603 0.6522 0.7587 0.8181 0.8561 0.8561 0.8782 0.8896
  0.8972 0.8972 0.8993 0.9017 0.9017 0.903  0.903  0.903  0.903  0.9087]
 [0.2548 0.46   0.4603 0.6522 0.7587 0.8181 0.8561 0.8561 0.8782 0.8896
  0.8972 0.8972 0.8993 0.9017 0.9017 0.903  0.903  0.903  0.903  0.9087]
 [0.2548 0.46   0.4603 0.6522 0.7587 0.8181 0.8561 0.8561 0.8782 0.8896
  0.8972 0.8972 0.8993 0.9017 0.9017 0.903  0.903  0.903  0.903  0.9087]]