PAC(128-71)
L = 1
T = 10  Error Count = 20000
Rate-profile = rm-polar
design SNR = 3
Convolution poly = , [1 0 1 1 0 1 1]
CRC index = [15, 31, 47, 63, 79, 95, 111, 127] , CRC = 0 bits
Frozen-check = , [84, 88, 97, 98, 100, 104, 112] , Frozen-check = 7 bits
Mismatch = [84, 88, 97, 98, 100, 104, 112] , Mismatch-length = 0 , Mismatch-first = False
Enabling-Criterion =, FrozenCheck
Running : AccuracyforFlipEveryPath , 
Decoding starting Time : 2025-08-29 20-54-12
Running Time : 18 min


SNR = [1.0, 1.5, 2.0, 2.5]
FER = [0.7489889155182744, 0.5996222568653315, 0.4307311295359104, 0.270196152599157]
average_decoding_attempt = [1.0, 1.0, 1.0, 1.0]
alpha0.1 (snr=1.0)
	path-0 , [0.3889  0.5808  0.68145 0.7359  0.782   0.8232  0.84775 0.85905 0.86625
 0.8732 ]
alpha0.2 (snr=1.0)
	path-0 , [0.4051  0.60845 0.7184  0.78535 0.8284  0.8582  0.87865 0.8951  0.9079
 0.91835]
alpha0.30000000000000004 (snr=1.0)
	path-0 , [0.4026  0.618   0.743   0.8169  0.8656  0.89665 0.9189  0.93345 0.94535
 0.9549 ]
alpha0.4 (snr=1.0)
	path-0 , [0.39145 0.61305 0.74185 0.82315 0.87555 0.911   0.9333  0.94895 0.96155
 0.96965]
alpha0.5 (snr=1.0)
	path-0 , [0.3779  0.59095 0.7224  0.80395 0.85875 0.8981  0.92615 0.94395 0.9579
 0.9671 ]
alpha0.6 (snr=1.0)
	path-0 , [0.36165 0.5663  0.69145 0.77375 0.8309  0.87205 0.90365 0.92675 0.9436
 0.9564 ]
alpha0.7000000000000001 (snr=1.0)
	path-0 , [0.343   0.5385  0.6558  0.73905 0.7994  0.84395 0.8771  0.9044  0.9235
 0.9396 ]
alpha0.8 (snr=1.0)
	path-0 , [0.3256  0.51015 0.62215 0.70565 0.7693  0.81515 0.85135 0.87935 0.90265
 0.92235]
alpha0.9 (snr=1.0)
	path-0 , [0.30885 0.48135 0.59095 0.6758  0.74205 0.7901  0.82865 0.8584  0.8836
 0.9054 ]
alpha0.1 (snr=1.5)
	path-0 , [0.40625 0.5988  0.6948  0.7499  0.7949  0.8253  0.8469  0.86    0.8675
 0.87325]
alpha0.2 (snr=1.5)
	path-0 , [0.4341  0.63695 0.74955 0.8114  0.84955 0.87655 0.89755 0.9137  0.92655
 0.9378 ]
alpha0.30000000000000004 (snr=1.5)
	path-0 , [0.44205 0.6584  0.78255 0.85255 0.8961  0.92395 0.9437  0.9554  0.96475
 0.9735 ]
alpha0.4 (snr=1.5)
	path-0 , [0.43305 0.65305 0.7799  0.85445 0.9032  0.93345 0.9521  0.96455 0.9738
 0.97935]
alpha0.5 (snr=1.5)
	path-0 , [0.414   0.6286  0.75425 0.83185 0.88255 0.91715 0.94085 0.95575 0.9667
 0.9745 ]
alpha0.6 (snr=1.5)
	path-0 , [0.3948  0.59645 0.72105 0.8002  0.8543  0.8918  0.9179  0.9373  0.9513
 0.962  ]
alpha0.7000000000000001 (snr=1.5)
	path-0 , [0.3709  0.56285 0.6843  0.76215 0.82125 0.861   0.8935  0.91595 0.93375
 0.9478 ]
alpha0.8 (snr=1.5)
	path-0 , [0.35085 0.5312  0.64925 0.7274  0.7892  0.8344  0.8684  0.8952  0.9177
 0.9332 ]
alpha0.9 (snr=1.5)
	path-0 , [0.33255 0.50375 0.6181  0.6988  0.76095 0.80875 0.847   0.87685 0.90095
 0.9197 ]
alpha0.1 (snr=2.0)
	path-0 , [0.43735 0.62245 0.71015 0.76345 0.80075 0.82595 0.8454  0.85865 0.8664
 0.87215]
alpha0.2 (snr=2.0)
	path-0 , [0.47105 0.6761  0.77805 0.83655 0.87225 0.89785 0.91685 0.9323  0.9442
 0.9533 ]
alpha0.30000000000000004 (snr=2.0)
	path-0 , [0.48385 0.7022  0.8172  0.8839  0.92275 0.9452  0.9599  0.96975 0.97625
 0.9808 ]
alpha0.4 (snr=2.0)
	path-0 , [0.47235 0.6897  0.8115  0.88145 0.92375 0.947   0.9624  0.97175 0.9783
 0.98285]
alpha0.5 (snr=2.0)
	path-0 , [0.45205 0.659   0.77675 0.84855 0.8982  0.92765 0.9465  0.9597  0.9687
 0.97605]
alpha0.6 (snr=2.0)
	path-0 , [0.42955 0.6245  0.73545 0.811   0.8616  0.8985  0.92285 0.94085 0.9542
 0.96405]
alpha0.7000000000000001 (snr=2.0)
	path-0 , [0.4063  0.5903  0.69715 0.7743  0.82725 0.8683  0.89825 0.91985 0.9382
 0.95055]
alpha0.8 (snr=2.0)
	path-0 , [0.384   0.5587  0.6655  0.7402  0.7974  0.84065 0.87565 0.90145 0.9212
 0.93775]
alpha0.9 (snr=2.0)
	path-0 , [0.36415 0.5311  0.63665 0.71445 0.77    0.8165  0.8548  0.88325 0.90625
 0.92545]
alpha0.1 (snr=2.5)
	path-0 , [0.48715 0.6662  0.7505  0.79875 0.8303  0.84975 0.86305 0.87405 0.8825
 0.88935]
alpha0.2 (snr=2.5)
	path-0 , [0.5392  0.7408  0.8346  0.88965 0.91795 0.93695 0.94945 0.95925 0.9662
 0.9718 ]
alpha0.30000000000000004 (snr=2.5)
	path-0 , [0.5485  0.7648  0.86715 0.92175 0.9493  0.96505 0.97635 0.98205 0.9856
 0.9878 ]
alpha0.4 (snr=2.5)
	path-0 , [0.5297  0.74015 0.8469  0.90415 0.9377  0.95725 0.9694  0.97755 0.98235
 0.98565]
alpha0.5 (snr=2.5)
	path-0 , [0.50225 0.6998  0.80605 0.86795 0.909   0.9349  0.9508  0.96205 0.97075
 0.97715]
alpha0.6 (snr=2.5)
	path-0 , [0.46965 0.65965 0.7666  0.8287  0.8739  0.90565 0.9287  0.94485 0.9566
 0.9662 ]
alpha0.7000000000000001 (snr=2.5)
	path-0 , [0.44215 0.6216  0.7254  0.79405 0.84415 0.878   0.90675 0.927   0.9434
 0.955  ]
alpha0.8 (snr=2.5)
	path-0 , [0.4144  0.59085 0.6947  0.76395 0.8154  0.85365 0.8852  0.90965 0.9292
 0.94325]
alpha0.9 (snr=2.5)
	path-0 , [0.39175 0.56345 0.6676  0.739   0.79135 0.8347  0.8672  0.89525 0.9177
 0.93465]