PAC(128-71)
L = 8
T = 3  Error Count = 10000
Rate-profile = rm-polar
design SNR = 3
Convolution poly = , [1 0 1 1 0 1 1]
CRC index = [15, 31, 47, 63, 79, 95, 111, 127] , CRC = 0 bits
Frozen-check = , [84, 88, 97, 98, 100, 104, 112] , Frozen-check = 7 bits
Mismatch = [84, 88, 97, 98, 100, 104, 112] , Mismatch-length = 0 , Mismatch-first = False
Enabling-Criterion =, FrozenCheck
Running : AccuracyFlippath , 
Decoding starting Time : 2025-09-02 20-13-12
Running Time : 123 min


SNR = [1.0, 1.5, 2.0, 2.5]
FER = [0.31501196925790603, 0.16428207697488378, 0.06672671470509742, 0.020933367381539454]
average_decoding_attempt = [1.0, 1.0, 1.0, 1.0]
alpha1.0 (snr=1.0)
	[0.0931 0.1661 0.2286 0.2831 0.3307 0.3787 0.4224 0.4604 0.4963 0.5299]
alpha1.1 (snr=1.0)
	[0.1583 0.2806 0.3756 0.4439 0.5017 0.5464 0.5844 0.6182 0.6485 0.6755]
alpha1.2000000000000002 (snr=1.0)
	[0.192  0.3488 0.4592 0.54   0.6022 0.6477 0.6835 0.712  0.7365 0.756 ]
alpha1.3000000000000003 (snr=1.0)
	[0.2046 0.3714 0.4985 0.5874 0.6502 0.6989 0.7346 0.7604 0.78   0.7983]
alpha1.4000000000000004 (snr=1.0)
	[0.2116 0.3825 0.5113 0.6025 0.6698 0.7191 0.7526 0.777  0.7971 0.8134]
alpha1.5000000000000004 (snr=1.0)
	[0.2143 0.3865 0.5183 0.6107 0.6765 0.7259 0.7598 0.785  0.8045 0.8218]
alpha1.6000000000000005 (snr=1.0)
	[0.2144 0.3887 0.5192 0.6168 0.6802 0.7269 0.7625 0.787  0.8075 0.8244]
alpha1.7000000000000006 (snr=1.0)
	[0.2147 0.3901 0.5231 0.6195 0.6806 0.7273 0.7618 0.7867 0.8057 0.8244]
alpha1.8000000000000007 (snr=1.0)
	[0.215  0.3907 0.5221 0.6207 0.682  0.7271 0.7599 0.7862 0.8052 0.8233]
alpha1.9000000000000008 (snr=1.0)
	[0.214  0.3867 0.5239 0.621  0.6816 0.7269 0.759  0.7835 0.8039 0.8225]
alpha2.000000000000001 (snr=1.0)
	[0.2137 0.3849 0.5248 0.6199 0.681  0.7263 0.7575 0.7816 0.8012 0.8212]
alpha2.100000000000001 (snr=1.0)
	[0.2125 0.3853 0.5249 0.6202 0.6798 0.726  0.757  0.7805 0.7991 0.8183]
alpha2.200000000000001 (snr=1.0)
	[0.2117 0.384  0.5251 0.6206 0.6799 0.7247 0.7547 0.7801 0.7976 0.8159]
alpha2.300000000000001 (snr=1.0)
	[0.21   0.3826 0.525  0.6199 0.6803 0.7239 0.7533 0.7778 0.7959 0.8139]
alpha2.4000000000000012 (snr=1.0)
	[0.21   0.381  0.523  0.6199 0.6798 0.7237 0.7526 0.7764 0.7942 0.8119]
alpha2.5000000000000013 (snr=1.0)
	[0.2102 0.3796 0.5234 0.6196 0.6794 0.7232 0.752  0.7752 0.793  0.8099]
alpha1.0 (snr=1.5)
	[0.0766 0.1341 0.1829 0.2195 0.2548 0.284  0.31   0.3348 0.3554 0.3746]
alpha1.1 (snr=1.5)
	[0.1375 0.2307 0.3027 0.3518 0.3896 0.4209 0.4486 0.4716 0.4929 0.5082]
alpha1.2000000000000002 (snr=1.5)
	[0.1769 0.3022 0.3974 0.4581 0.5013 0.5326 0.5591 0.5797 0.5956 0.6097]
alpha1.3000000000000003 (snr=1.5)
	[0.2067 0.3557 0.4603 0.5302 0.5786 0.6154 0.6413 0.6627 0.6786 0.6913]
alpha1.4000000000000004 (snr=1.5)
	[0.221  0.3809 0.4989 0.5767 0.6269 0.6658 0.6934 0.7134 0.7293 0.7424]
alpha1.5000000000000004 (snr=1.5)
	[0.2291 0.3983 0.5227 0.6064 0.6634 0.7004 0.7293 0.7508 0.7688 0.7805]
alpha1.6000000000000005 (snr=1.5)
	[0.2334 0.4065 0.5378 0.6233 0.6804 0.7192 0.7489 0.7703 0.787  0.8014]
alpha1.7000000000000006 (snr=1.5)
	[0.2341 0.4089 0.5463 0.6332 0.6939 0.7331 0.761  0.7825 0.8004 0.8145]
alpha1.8000000000000007 (snr=1.5)
	[0.2337 0.41   0.5506 0.6409 0.7003 0.7395 0.7677 0.7892 0.808  0.823 ]
alpha1.9000000000000008 (snr=1.5)
	[0.2339 0.4108 0.552  0.6439 0.703  0.744  0.7715 0.792  0.8113 0.8273]
alpha2.000000000000001 (snr=1.5)
	[0.2321 0.4089 0.555  0.647  0.7051 0.7463 0.7744 0.7942 0.8144 0.8295]
alpha2.100000000000001 (snr=1.5)
	[0.2319 0.4085 0.555  0.6492 0.7078 0.7478 0.7757 0.7969 0.817  0.8316]
alpha2.200000000000001 (snr=1.5)
	[0.2315 0.4077 0.5559 0.6505 0.7089 0.7482 0.7769 0.7988 0.8176 0.8328]
alpha2.300000000000001 (snr=1.5)
	[0.231  0.4047 0.5562 0.6512 0.7091 0.7481 0.7777 0.8003 0.8179 0.8333]
alpha2.4000000000000012 (snr=1.5)
	[0.2303 0.402  0.5563 0.651  0.7093 0.7475 0.7773 0.8002 0.8172 0.8318]
alpha2.5000000000000013 (snr=1.5)
	[0.2297 0.4007 0.5552 0.6514 0.7101 0.7479 0.7769 0.8    0.8153 0.8311]
alpha1.0 (snr=2.0)
	[0.0525 0.0902 0.1161 0.1381 0.1554 0.1701 0.1834 0.1945 0.2014 0.208 ]
alpha1.1 (snr=2.0)
	[0.0863 0.1453 0.1846 0.2144 0.2362 0.2522 0.2647 0.2755 0.2825 0.2892]
alpha1.2000000000000002 (snr=2.0)
	[0.1208 0.2058 0.2601 0.2957 0.3234 0.3423 0.3549 0.3648 0.3724 0.3794]
alpha1.3000000000000003 (snr=2.0)
	[0.1528 0.2631 0.3356 0.3792 0.409  0.433  0.4496 0.4616 0.4699 0.4761]
alpha1.4000000000000004 (snr=2.0)
	[0.1818 0.3098 0.3968 0.4512 0.488  0.5156 0.5313 0.5445 0.5524 0.5583]
alpha1.5000000000000004 (snr=2.0)
	[0.199  0.3436 0.444  0.5057 0.5451 0.5734 0.5937 0.6079 0.6176 0.6249]
alpha1.6000000000000005 (snr=2.0)
	[0.2174 0.3725 0.4844 0.553  0.5971 0.6255 0.6473 0.662  0.6737 0.6819]
alpha1.7000000000000006 (snr=2.0)
	[0.2291 0.3939 0.5162 0.5903 0.6353 0.6656 0.6891 0.7059 0.7177 0.727 ]
alpha1.8000000000000007 (snr=2.0)
	[0.2363 0.4092 0.538  0.6155 0.6637 0.6947 0.7189 0.7354 0.749  0.7604]
alpha1.9000000000000008 (snr=2.0)
	[0.2412 0.4162 0.551  0.6331 0.6836 0.7153 0.7396 0.7575 0.7713 0.7842]
alpha2.000000000000001 (snr=2.0)
	[0.2433 0.4197 0.5617 0.6466 0.6987 0.7312 0.7558 0.7734 0.7875 0.8017]
alpha2.100000000000001 (snr=2.0)
	[0.2447 0.4219 0.568  0.6552 0.7082 0.7426 0.7668 0.7852 0.7984 0.8127]
alpha2.200000000000001 (snr=2.0)
	[0.2434 0.4236 0.5715 0.6628 0.7168 0.7515 0.775  0.7941 0.8079 0.823 ]
alpha2.300000000000001 (snr=2.0)
	[0.243  0.4238 0.575  0.668  0.7237 0.7579 0.7815 0.8004 0.8147 0.8287]
alpha2.4000000000000012 (snr=2.0)
	[0.2432 0.4229 0.5775 0.6703 0.7284 0.7623 0.7865 0.8048 0.8189 0.8336]
alpha2.5000000000000013 (snr=2.0)
	[0.243  0.4232 0.5803 0.6734 0.7318 0.7664 0.7897 0.808  0.8228 0.837 ]
alpha1.0 (snr=2.5)
	[0.0268 0.0465 0.0588 0.0693 0.0765 0.0797 0.0837 0.0866 0.0883 0.09  ]
alpha1.1 (snr=2.5)
	[0.0381 0.0646 0.082  0.0943 0.1033 0.1084 0.1126 0.1157 0.1182 0.1202]
alpha1.2000000000000002 (snr=2.5)
	[0.0566 0.0945 0.1154 0.1324 0.1413 0.1484 0.1538 0.158  0.1605 0.163 ]
alpha1.3000000000000003 (snr=2.5)
	[0.0838 0.1347 0.1634 0.1864 0.1987 0.207  0.2129 0.2179 0.2212 0.2243]
alpha1.4000000000000004 (snr=2.5)
	[0.1135 0.1792 0.2177 0.2432 0.2581 0.2692 0.275  0.2813 0.2857 0.2883]
alpha1.5000000000000004 (snr=2.5)
	[0.14   0.224  0.2745 0.3048 0.3246 0.3354 0.3435 0.3502 0.354  0.3583]
alpha1.6000000000000005 (snr=2.5)
	[0.1691 0.2704 0.3336 0.3691 0.3903 0.4024 0.412  0.4192 0.424  0.4291]
alpha1.7000000000000006 (snr=2.5)
	[0.1938 0.314  0.3889 0.4266 0.4502 0.4647 0.4755 0.4832 0.4888 0.4944]
alpha1.8000000000000007 (snr=2.5)
	[0.2152 0.3479 0.4333 0.4761 0.503  0.5208 0.5312 0.5388 0.5447 0.5507]
alpha1.9000000000000008 (snr=2.5)
	[0.2329 0.3818 0.4787 0.5242 0.5537 0.5721 0.5843 0.5916 0.5977 0.6026]
alpha2.000000000000001 (snr=2.5)
	[0.2443 0.4046 0.5079 0.5608 0.5918 0.6114 0.6238 0.6318 0.6384 0.6434]
alpha2.100000000000001 (snr=2.5)
	[0.2563 0.4226 0.5351 0.5914 0.6244 0.6452 0.659  0.6674 0.6739 0.6791]
alpha2.200000000000001 (snr=2.5)
	[0.2635 0.4357 0.5594 0.6188 0.6548 0.6774 0.6919 0.7005 0.7072 0.7124]
alpha2.300000000000001 (snr=2.5)
	[0.2673 0.4439 0.5746 0.6366 0.6746 0.6977 0.7119 0.7213 0.7288 0.7343]
alpha2.4000000000000012 (snr=2.5)
	[0.2716 0.4525 0.5868 0.6536 0.6932 0.7178 0.7323 0.7422 0.7495 0.7553]
alpha2.5000000000000013 (snr=2.5)
	[0.2742 0.4596 0.596  0.6665 0.7081 0.7335 0.7489 0.7582 0.7661 0.7724]