PAC(128-71)
L = 8
T = 0  Error Count = 10000
Rate-profile = rm-polar
design SNR = 3
Convolution poly = , [1 0 1 1 0 1 1]
CRC index = [15, 31, 47, 63, 79, 95, 111, 127] , CRC = 0 bits
Frozen-check = , [84, 88, 97, 98, 100, 104, 112] , Frozen-check = 7 bits
Mismatch = [84, 88, 97, 98, 100, 104, 112] , Mismatch-length = 0 , Mismatch-first = False
Enabling-Criterion =, Perfect
Running : AccuracyforFlipEveryPath , 
Decoding starting Time : 2025-09-09 15-19-04
Running Time : 781 min


SNR = [2.5, 3.0]
FER = [0.02138130819142909, 0.005010852421101997]
average_decoding_attempt = [1.0, 1.0]
everyCriticalBit (snr=2.5)
	path-0 , [0.4409 0.6666 0.7753 0.8282 0.854  0.8967 0.9133 0.9234 0.9259 0.9295
 0.9316 0.9325 0.9336 0.9342 0.9343 0.9422 0.9463 0.9495 0.9499 0.9527]
	path-1 , [0.4467 0.6704 0.7757 0.8295 0.8545 0.8948 0.9113 0.9225 0.9252 0.9286
 0.9307 0.932  0.9331 0.9336 0.9338 0.9414 0.9455 0.9481 0.9491 0.9522]
	path-2 , [0.4448 0.6709 0.775  0.8323 0.8564 0.8966 0.9132 0.924  0.927  0.9299
 0.9315 0.9329 0.9342 0.9346 0.9347 0.9431 0.9476 0.9501 0.9512 0.9533]
	path-3 , [0.4445 0.669  0.7808 0.8352 0.8589 0.8971 0.9141 0.9249 0.9269 0.9309
 0.9327 0.934  0.935  0.9353 0.9353 0.9432 0.9482 0.9511 0.9518 0.9552]
	path-4 , [0.4412 0.664  0.7755 0.833  0.8568 0.8968 0.9131 0.9246 0.9275 0.9312
 0.933  0.9342 0.9353 0.9358 0.936  0.9442 0.9489 0.9512 0.9518 0.9544]
	path-5 , [0.4458 0.6723 0.7791 0.8327 0.8564 0.8969 0.9135 0.9249 0.9282 0.9311
 0.933  0.9337 0.9348 0.9354 0.9356 0.9427 0.9477 0.9503 0.9513 0.9545]
	path-6 , [0.442  0.6655 0.7745 0.83   0.8564 0.8956 0.9138 0.9246 0.9266 0.9298
 0.9315 0.9325 0.9339 0.9346 0.9347 0.9444 0.9482 0.9515 0.9522 0.9549]
	path-7 , [0.4408 0.6666 0.7728 0.829  0.8553 0.895  0.9124 0.9239 0.9272 0.9307
 0.9327 0.9336 0.9345 0.9349 0.935  0.9439 0.9492 0.9516 0.9525 0.9547]
path_index = 0
	ranking_index = [15, 23, 27, 29, 39, 30, 84, 43, 97, 45, 71, 88, 98, 75, 51, 77, 83, 100, 46, 104]
	ranking_prob = [0.44085591440855915, 0.22567743225677434, 0.10868913108689131, 0.052894710528947106, 0.042695730426957304, 0.025797420257974202, 0.0170982901709829, 0.0165983401659834, 0.0117988201179882, 0.0100989901009899, 0.007899210078992101, 0.006999300069993001, 0.005099490050994901, 0.0040995900409959, 0.0035996400359964, 0.0031996800319968005, 0.0027997200279972004, 0.0027997200279972004, 0.0024997500249975004, 0.0021997800219978004]
path_index = 1
	ranking_index = [15, 23, 27, 29, 39, 30, 84, 43, 45, 97, 71, 88, 98, 75, 51, 83, 100, 46, 77, 53]
	ranking_prob = [0.44665533446655337, 0.22367763223677634, 0.10528947105289471, 0.0537946205379462, 0.0402959704029597, 0.024997500249975, 0.0168983101689831, 0.0164983501649835, 0.011198880111988802, 0.0096990300969903, 0.007599240075992401, 0.006399360063993601, 0.0058994100589941, 0.0040995900409959, 0.0033996600339966003, 0.0030996900309969004, 0.0030996900309969004, 0.0026997300269973002, 0.0025997400259974, 0.0020997900209979003]
path_index = 2
	ranking_index = [15, 23, 27, 29, 39, 30, 43, 84, 45, 97, 71, 88, 98, 75, 100, 46, 51, 77, 83, 53]
	ranking_prob = [0.44475552444755523, 0.22607739226077392, 0.1040895910408959, 0.05729427057294271, 0.040195980401959805, 0.0240975902409759, 0.0165983401659834, 0.0165983401659834, 0.010798920107989201, 0.009999000099990002, 0.008399160083991601, 0.007099290070992901, 0.006099390060993901, 0.0044995500449955, 0.0031996800319968005, 0.0029997000299970002, 0.0028997100289971, 0.0024997500249975004, 0.0020997900209979003, 0.0015998400159984002]
path_index = 3
	ranking_index = [15, 23, 27, 29, 39, 30, 43, 84, 45, 97, 71, 88, 98, 75, 51, 83, 77, 100, 46, 53]
	ranking_prob = [0.44445555444455553, 0.22447755224477553, 0.11178882111788821, 0.054394560543945605, 0.038196180381961806, 0.023697630236976304, 0.016998300169983, 0.015598440155984402, 0.010798920107989201, 0.008899110088991101, 0.007899210078992101, 0.007499250074992501, 0.0058994100589941, 0.004999500049995001, 0.003999600039996, 0.0033996600339966003, 0.0028997100289971, 0.0026997300269973002, 0.001999800019998, 0.0017998200179982]
path_index = 4
	ranking_index = [15, 23, 27, 29, 39, 30, 84, 43, 45, 97, 71, 88, 98, 75, 51, 46, 100, 83, 77, 53]
	ranking_prob = [0.44115588441155884, 0.22277772222777723, 0.11148885111488852, 0.05749425057494251, 0.039996000399960006, 0.023797620237976203, 0.0174982501749825, 0.016298370162983702, 0.011498850114988501, 0.009599040095990401, 0.0081991800819918, 0.007099290070992901, 0.004999500049995001, 0.0046995300469953, 0.0036996300369963003, 0.0028997100289971, 0.0026997300269973002, 0.0025997400259974, 0.0022997700229977, 0.0017998200179982]
path_index = 5
	ranking_index = [15, 23, 27, 29, 39, 30, 84, 43, 45, 97, 71, 88, 75, 98, 46, 83, 51, 77, 100, 53]
	ranking_prob = [0.44575542445755423, 0.22647735226477353, 0.10678932106789321, 0.053594640535946404, 0.040495950404959506, 0.023697630236976304, 0.017198280171982803, 0.0165983401659834, 0.011398860113988602, 0.010698930106989302, 0.007099290070992901, 0.006799320067993201, 0.004999500049995001, 0.004999500049995001, 0.0032996700329967, 0.0031996800319968005, 0.0028997100289971, 0.0025997400259974, 0.0022997700229977, 0.0018998100189981002]
path_index = 6
	ranking_index = [15, 23, 27, 29, 39, 30, 43, 84, 45, 71, 97, 88, 98, 75, 77, 51, 83, 100, 46, 53]
	ranking_prob = [0.44195580441955806, 0.22347765223477653, 0.10898910108989102, 0.05549445055494451, 0.039196080391960805, 0.0263973602639736, 0.018198180181981802, 0.017598240175982403, 0.010798920107989201, 0.0096990300969903, 0.009099090090990901, 0.006799320067993201, 0.004999500049995001, 0.0037996200379962005, 0.0032996700329967, 0.0031996800319968005, 0.0026997300269973002, 0.0023997600239976003, 0.001999800019998, 0.0016998300169983002]
path_index = 7
	ranking_index = [15, 23, 27, 29, 39, 30, 84, 43, 45, 97, 71, 88, 75, 98, 51, 46, 77, 83, 53, 100]
	ranking_prob = [0.44075592440755923, 0.22577742225777422, 0.10618938106189381, 0.056194380561943806, 0.039696030396960305, 0.026297370262973702, 0.018098190180981903, 0.0173982601739826, 0.011498850114988501, 0.0105989401059894, 0.008899110088991101, 0.006899310068993101, 0.0052994700529947, 0.0040995900409959, 0.0034996500349965005, 0.0032996700329967, 0.0023997600239976003, 0.0021997800219978004, 0.001999800019998, 0.0015998400159984002]
everyCriticalBit (snr=3.0)
	path-0 , [0.4443 0.6799 0.7878 0.8432 0.8725 0.9115 0.9263 0.9356 0.9375 0.9402
 0.9408 0.9413 0.9416 0.9417 0.9417 0.9485 0.9514 0.9539 0.9543 0.9561]
	path-1 , [0.4536 0.6846 0.7945 0.85   0.878  0.9141 0.9286 0.9365 0.939  0.9412
 0.942  0.9423 0.9424 0.9427 0.9428 0.9497 0.9524 0.9544 0.9552 0.9571]
	path-2 , [0.45   0.6853 0.7923 0.8496 0.8798 0.9157 0.9294 0.9378 0.9394 0.942
 0.9428 0.9432 0.9434 0.9436 0.9438 0.9506 0.9537 0.9559 0.9567 0.959 ]
	path-3 , [0.4451 0.6781 0.7897 0.8456 0.8754 0.9146 0.9281 0.9366 0.9383 0.9414
 0.9425 0.943  0.9435 0.9437 0.9437 0.9503 0.9535 0.9556 0.9563 0.9587]
	path-4 , [0.4469 0.6829 0.7936 0.8469 0.8771 0.9144 0.9296 0.9376 0.9396 0.9417
 0.9426 0.9432 0.9435 0.9437 0.9439 0.9506 0.9545 0.9569 0.9575 0.9589]
	path-5 , [0.4545 0.6844 0.7929 0.8496 0.8768 0.9145 0.9288 0.9365 0.9387 0.9417
 0.9428 0.9434 0.9436 0.9437 0.9437 0.9506 0.9543 0.9568 0.9576 0.9593]
	path-6 , [0.4492 0.6812 0.7922 0.847  0.8761 0.9134 0.9279 0.9366 0.9387 0.9417
 0.9426 0.943  0.9433 0.9435 0.9436 0.9511 0.9539 0.9567 0.9576 0.9592]
	path-7 , [0.4497 0.6863 0.7945 0.8454 0.8744 0.9133 0.9273 0.9358 0.9379 0.9408
 0.9418 0.9425 0.9432 0.9434 0.9435 0.9504 0.9542 0.9576 0.9583 0.9605]
path_index = 0
	ranking_index = [15, 23, 27, 29, 39, 30, 43, 97, 84, 45, 88, 71, 98, 100, 75, 51, 77, 46, 83, 104]
	ranking_prob = [0.44425557444255576, 0.23557644235576441, 0.10788921107889211, 0.055394460553944605, 0.03899610038996101, 0.0292970702929707, 0.014798520147985201, 0.012998700129987, 0.012098790120987902, 0.009299070092990702, 0.0071992800719928, 0.006799320067993201, 0.0053994600539946005, 0.0034996500349965005, 0.0028997100289971, 0.0026997300269973002, 0.0024997500249975004, 0.0018998100189981002, 0.0017998200179982, 0.0012998700129987]
path_index = 1
	ranking_index = [15, 23, 27, 29, 39, 30, 43, 84, 97, 45, 71, 88, 98, 75, 46, 51, 77, 83, 100, 104]
	ranking_prob = [0.45355464453554645, 0.23097690230976903, 0.10988901109889011, 0.05549445055494451, 0.036096390360963904, 0.027997200279972004, 0.014498550144985502, 0.013898610138986101, 0.011198880111988802, 0.007899210078992101, 0.006899310068993101, 0.0059994000599940004, 0.0059994000599940004, 0.0026997300269973002, 0.0024997500249975004, 0.0021997800219978004, 0.001999800019998, 0.0018998100189981002, 0.0015998400159984002, 0.0015998400159984002]
path_index = 2
	ranking_index = [15, 23, 27, 29, 39, 30, 43, 84, 97, 45, 71, 88, 98, 75, 100, 51, 83, 77, 46, 104]
	ranking_prob = [0.44995500449955006, 0.23527647235276472, 0.10698930106989302, 0.05729427057294271, 0.035896410358964105, 0.0301969803019698, 0.0136986301369863, 0.011898810118988102, 0.010698930106989302, 0.008399160083991601, 0.006799320067993201, 0.006199380061993801, 0.005699430056994301, 0.0030996900309969004, 0.0027997200279972004, 0.0025997400259974, 0.0022997700229977, 0.0021997800219978004, 0.0015998400159984002, 0.0011998800119988001]
path_index = 3
	ranking_index = [15, 23, 27, 29, 39, 30, 43, 84, 97, 45, 71, 88, 98, 75, 51, 100, 83, 77, 46, 53]
	ranking_prob = [0.4450554944505549, 0.23297670232976703, 0.11158884111588842, 0.055894410558944105, 0.039196080391960805, 0.029797020297970205, 0.013498650134986502, 0.012098790120987902, 0.0096990300969903, 0.0084991500849915, 0.0065993400659934, 0.0057994200579942, 0.0057994200579942, 0.0031996800319968005, 0.0030996900309969004, 0.0026997300269973002, 0.0023997600239976003, 0.0020997900209979003, 0.0016998300169983002, 0.0010998900109989002]
path_index = 4
	ranking_index = [15, 23, 27, 29, 39, 30, 43, 84, 97, 45, 71, 88, 98, 75, 100, 77, 51, 46, 83, 104]
	ranking_prob = [0.44685531446855314, 0.23597640235976403, 0.11068893110688931, 0.0532946705329467, 0.0372962703729627, 0.0301969803019698, 0.015198480151984802, 0.012598740125987402, 0.0105989401059894, 0.007999200079992, 0.0066993300669933005, 0.0059994000599940004, 0.004899510048995101, 0.0038996100389961006, 0.0026997300269973002, 0.0023997600239976003, 0.0020997900209979003, 0.001999800019998, 0.0013998600139986002, 0.0012998700129987]
path_index = 5
	ranking_index = [15, 23, 27, 29, 39, 30, 84, 43, 97, 45, 71, 88, 98, 75, 51, 100, 77, 46, 83, 104]
	ranking_prob = [0.45445455454454553, 0.2298770122987701, 0.10848915108489152, 0.056694330566943306, 0.037696230376962306, 0.027197280271972803, 0.014798520147985201, 0.014298570142985701, 0.009299070092990702, 0.007699230076992301, 0.006899310068993101, 0.006199380061993801, 0.004199580041995801, 0.0036996300369963003, 0.0029997000299970002, 0.0029997000299970002, 0.0024997500249975004, 0.0021997800219978004, 0.0016998300169983002, 0.0013998600139986002]
path_index = 6
	ranking_index = [15, 23, 27, 29, 39, 30, 43, 84, 97, 45, 71, 88, 98, 51, 75, 77, 100, 46, 83, 53]
	ranking_prob = [0.44915508449155084, 0.23197680231976803, 0.11098890110988902, 0.0547945205479452, 0.0372962703729627, 0.029097090290970903, 0.014498550144985502, 0.014198580141985802, 0.0093990600939906, 0.0086991300869913, 0.007499250074992501, 0.006299370062993701, 0.0051994800519948, 0.0029997000299970002, 0.0027997200279972004, 0.0027997200279972004, 0.0022997700229977, 0.0020997900209979003, 0.0015998400159984002, 0.0008999100089991]
path_index = 7
	ranking_index = [15, 23, 27, 29, 39, 30, 43, 84, 97, 45, 71, 88, 98, 75, 77, 51, 100, 83, 46, 104]
	ranking_prob = [0.44965503449655037, 0.23657634236576341, 0.10818918108189181, 0.05089491050894911, 0.038896110388961104, 0.028997100289971003, 0.013998600139986002, 0.012398760123987601, 0.0086991300869913, 0.0084991500849915, 0.006899310068993101, 0.0064993500649935, 0.0044995500449955, 0.0037996200379962005, 0.0033996600339966003, 0.0028997100289971, 0.0028997100289971, 0.0021997800219978004, 0.0020997900209979003, 0.0014998500149985001]